ObjectType = Image
NDims = 3
AnatomicalOrientation = RAI
BinaryData = True
BinaryDataByteOrderMSB = False
CenterOfRotation = 0 0 0
CompressedData = False
DimSize = 1024 768 470                            
ElementNumberOfChannels = 1
ElementSpacing = 1 1 1
ElementType = MET_UCHAR
Offset = 0 0 0
TransformMatrix = 1 0 0 0 1 0 0 0 1
UltrasoundImageOrientation = MF
UltrasoundImageType = BRIGHTNESS
Seq_Frame0000_ProbeToTrackerTransform = -0.246074296444214 0.7637024646568204 -0.5968299473942166 58.489453125 -0.0631878956675552 -0.6270943245894879 -0.7763761961245079 30.807421875 -0.9671890872371294 -0.1533337977901551 0.2025685463853076 -240.9578768101594 0 0 0 1 
Seq_Frame0000_ProbeToTrackerTransformStatus = OK
Seq_Frame0000_ReferenceToTrackerTransform = 0.7737548420444272 0.3352258203329381 -0.5375193892269489 227.7269203744149 -0.604320332714031 0.136108871212968 -0.7850294966722807 -98.89628906249999 -0.1900009996847548 0.9322542703357494 0.3078986774241705 -458.2764326886703 0 0 0 1 
Seq_Frame0000_ReferenceToTrackerTransformStatus = OK
Seq_Frame0000_Timestamp = 11140.40142857143
Seq_Frame0000_ImageStatus = OK
Seq_Frame0001_ProbeToTrackerTransform = -0.2636345728081846 0.7493279807437018 -0.6074573147924163 56.97766736513628 -0.0397698126200804 -0.63764359151657 -0.7693042390381153 31.45678461644548 -0.9638024559132489 -0.1786567308343473 0.1979055292385075 -244.0542405680864 0 0 0 1 
Seq_Frame0001_ProbeToTrackerTransformStatus = OK
Seq_Frame0001_ReferenceToTrackerTransform = 0.7736084948223393 0.3358221880733472 -0.5373577530252482 227.81865234375 -0.6043708600889666 0.1361800454510581 -0.7849782536454564 -98.78466796875 -0.1904357114987553 0.9320292126422739 0.3083111846290784 -458.4074682101955 0 0 0 1 
Seq_Frame0001_ReferenceToTrackerTransformStatus = OK
Seq_Frame0001_Timestamp = 11140.50078571429
Seq_Frame0001_ImageStatus = OK
Seq_Frame0002_ProbeToTrackerTransform = -0.2596894148326945 0.7469010744015625 -0.6121275952623309 56.14541015624999 -0.001942428201307737 -0.6342771593719672 -0.7731032997418331 32.22065326223972 -0.965690237496753 -0.1995777296113456 0.1661658660695545 -246.6428669552089 0 0 0 1 
Seq_Frame0002_ProbeToTrackerTransformStatus = OK
Seq_Frame0002_ReferenceToTrackerTransform = 0.7735424344943335 0.3364901292565822 -0.5370349103638126 227.8545877744794 -0.6043446885172162 0.1365561798778096 -0.7849330590554892 -98.59926861276028 -0.1907867906790419 0.9317332250435572 0.308988022182614 -458.7626953125 0 0 0 1 
Seq_Frame0002_ReferenceToTrackerTransformStatus = OK
Seq_Frame0002_Timestamp = 11140.60024285714
Seq_Frame0002_ImageStatus = OK
Seq_Frame0003_ProbeToTrackerTransform = -0.2523270925603318 0.7482276216660015 -0.6135849285437904 56.25703125 0.03842037854495405 -0.6258562792266428 -0.7789915225886895 31.65068735752475 -0.9668789546124746 -0.2201348312480811 0.1291733068356874 -248.444125569901 0 0 0 1 
Seq_Frame0003_ProbeToTrackerTransformStatus = OK
Seq_Frame0003_ReferenceToTrackerTransform = 0.7735568641485107 0.3368073571880924 -0.5368152215359542 228.04189453125 -0.6045228479573203 0.1379943046424522 -0.7845442614561761 -98.33818359374999 -0.1901628360808006 0.9314066652275036 0.3103541843498936 -458.3781287637747 0 0 0 1 
Seq_Frame0003_ReferenceToTrackerTransformStatus = OK
Seq_Frame0003_Timestamp = 11140.69988571428
Seq_Frame0003_ImageStatus = OK
Seq_Frame0004_ProbeToTrackerTransform = -0.2497985957010208 0.7483768888119292 -0.6144368916967596 56.08292370658381 0.04642377042950256 -0.6245677130722958 -0.7795896390581082 31.52628308158381 -0.9671843129026169 -0.2232648742633287 0.1212736607647071 -249.6093329470419 0 0 0 1 
Seq_Frame0004_ProbeToTrackerTransformStatus = OK
Seq_Frame0004_ReferenceToTrackerTransform = 0.7739783885859032 0.336588111436422 -0.53634494240333 228.1289483029581 -0.6039773583061848 0.138021371383029 -0.7849595223290371 -98.2265625 -0.1901809786899073 0.9314819076510347 0.3101171569960912 -458.65107421875 0 0 0 1 
Seq_Frame0004_ReferenceToTrackerTransformStatus = OK
Seq_Frame0004_Timestamp = 11140.79931428571
Seq_Frame0004_ImageStatus = OK
Seq_Frame0005_ProbeToTrackerTransform = -0.282341493803721 0.7576877243638969 -0.5883813331717304 58.46456412515797 0.00649692709452002 -0.6118111997542678 -0.7909771461891751 32.81037931253949 -0.9592919632807374 -0.2271483396450493 0.167817046158862 -249.3646345624802 0 0 0 1 
Seq_Frame0005_ProbeToTrackerTransformStatus = OK
Seq_Frame0005_ReferenceToTrackerTransform = 0.7733322664840651 0.3367031335566644 -0.5372040631526739 227.9271623125197 -0.6048713634469681 0.1379422505851671 -0.7842847500655006 -99.00168790628949 -0.1899679954529833 0.9314520574654511 0.3103372767602263 -458.6541853437302 0 0 0 1 
Seq_Frame0005_ReferenceToTrackerTransformStatus = OK
Seq_Frame0005_Timestamp = 11140.89891428571
Seq_Frame0005_ImageStatus = OK
Seq_Frame0006_ProbeToTrackerTransform = -0.3392404559044266 0.765032567526499 -0.5473948151942706 62.98986505553425 -0.05269346353089147 -0.5964421841512591 -0.8009245406815765 34.63372843897896 -0.9392227169201538 -0.2428618775944232 0.2426495341690069 -248.9150390625 0 0 0 1 
Seq_Frame0006_ProbeToTrackerTransformStatus = OK
Seq_Frame0006_ReferenceToTrackerTransform = 0.7735570114314816 0.3353688518406685 -0.5377148717306101 227.9302734375 -0.6047914426654009 0.1372138504755468 -0.7844741360404289 -99.20434177132633 -0.1893062622944573 0.9320408212373244 0.3089709478306271 -458.2314004161736 0 0 0 1 
Seq_Frame0006_ReferenceToTrackerTransformStatus = OK
Seq_Frame0006_Timestamp = 11140.9985
Seq_Frame0006_ImageStatus = OK
Seq_Frame0007_ProbeToTrackerTransform = -0.3638334639799011 0.7581965483537624 -0.5410759692989765 64.51699218749999 -0.05801877914790004 -0.5982065235998113 -0.7992388731717294 34.3077349194902 -0.9296553295466945 -0.2593972806084699 0.2616371897463308 -249.6563275805098 0 0 0 1 
Seq_Frame0007_ProbeToTrackerTransformStatus = OK
Seq_Frame0007_ReferenceToTrackerTransform = 0.7740066887584943 0.3343658560118677 -0.5376924028573982 227.6459702335801 -0.6042700762367446 0.1364147348288052 -0.7850150922666556 -99.11953124999999 -0.1891330767527206 0.9325183614573162 0.3076331985059672 -458.4383329703398 0 0 0 1 
Seq_Frame0007_ReferenceToTrackerTransformStatus = OK
Seq_Frame0007_Timestamp = 11141.09787142857
Seq_Frame0007_ImageStatus = OK
Seq_Frame0008_ProbeToTrackerTransform = -0.3384856829103067 0.7523230002402735 -0.56518806230689 64.02896898552923 -0.02383937595482743 -0.6073065530338095 -0.7941098379923758 33.63948804572076 -0.9406695097741968 -0.2553210801161279 0.2234994841817449 -251.0072964039415 0 0 0 1 
Seq_Frame0008_ProbeToTrackerTransformStatus = OK
Seq_Frame0008_ReferenceToTrackerTransform = 0.7738740146542692 0.3344735094255147 -0.5378164007683887 227.9302734375 -0.6045395885440368 0.1369462322914697 -0.7847149898811526 -99.11953124999999 -0.1888144468145665 0.9324018452114682 0.3081816083421565 -458.65107421875 0 0 0 1 
Seq_Frame0008_ReferenceToTrackerTransformStatus = OK
Seq_Frame0008_Timestamp = 11141.19721428571
Seq_Frame0008_ImageStatus = OK
Seq_Frame0009_ProbeToTrackerTransform = -0.2957232104641748 0.7544028011661819 -0.58602405785546 64.08799613098138 -0.0007922051268879438 -0.6136554233140326 -0.7895735518926101 35.67708218017552 -0.9552733405700162 -0.2330309744001717 0.1820697936680006 -251.8171875 0 0 0 1 
Seq_Frame0009_ProbeToTrackerTransformStatus = OK
Seq_Frame0009_ReferenceToTrackerTransform = 0.7740872761381493 0.3359347821471303 -0.5365973453761962 228.4708905877686 -0.6045535292862332 0.1406893604977719 -0.7840417935737148 -98.99042183776862 -0.1878933717526521 0.9313185953187493 0.3119964020063878 -458.20458984375 0 0 0 1 
Seq_Frame0009_ReferenceToTrackerTransformStatus = OK
Seq_Frame0009_Timestamp = 11141.29661428571
Seq_Frame0009_ImageStatus = OK
Seq_Frame0010_ProbeToTrackerTransform = -0.2840060392006563 0.7564833316067301 -0.5891294753267209 65.29193596503286 -0.001465206877003745 -0.6147718744031123 -0.7887036170905339 37.63350970952629 -0.9588213717196561 -0.2231333938344193 0.175707329641 -252.0404296875 0 0 0 1 
Seq_Frame0010_ProbeToTrackerTransformStatus = OK
Seq_Frame0010_ReferenceToTrackerTransform = 0.7743031512814403 0.3359998386173857 -0.5362450357483246 228.0654995257434 -0.6042493792214785 0.1408410416440356 -0.7842489966197478 -98.67304687499998 -0.1879822268888448 0.9312721994335029 0.3120813562778095 -458.6274692242566 0 0 0 1 
Seq_Frame0010_ReferenceToTrackerTransformStatus = OK
Seq_Frame0010_Timestamp = 11141.39578571428
Seq_Frame0010_ImageStatus = OK
Seq_Frame0011_ProbeToTrackerTransform = -0.2845008189329398 0.7586233191872384 -0.5861313364868185 67.22342964554012 -0.003367193677301896 -0.6121837925938889 -0.7907083318721903 39.54139839554011 -0.9586698837625107 -0.2229835502244499 0.1767212219742553 -251.3895560175566 0 0 0 1 
Seq_Frame0011_ProbeToTrackerTransformStatus = OK
Seq_Frame0011_ReferenceToTrackerTransform = 0.7743199869983909 0.3343727436395957 -0.5372368435296867 228.0882786318467 -0.6046056490537349 0.1403575620141272 -0.7840610715484875 -99.00791015624999 -0.1867633980926771 0.9319305892052152 0.3108453152880007 -458.3162109375001 0 0 0 1 
Seq_Frame0011_ReferenceToTrackerTransformStatus = OK
Seq_Frame0011_Timestamp = 11141.49482857143
Seq_Frame0011_ImageStatus = OK
Seq_Frame0012_ProbeToTrackerTransform = -0.2832874615126505 0.7640768476345752 -0.5795988138864061 68.22331812742763 -0.000286232427124437 -0.6044235761519847 -0.7966630772557766 41.22242836301644 -0.9590350005191239 -0.2255187608613884 0.1714443241371022 -250.8011827331611 0 0 0 1 
Seq_Frame0012_ProbeToTrackerTransformStatus = OK
Seq_Frame0012_ReferenceToTrackerTransform = 0.7743127044857652 0.3337944900374923 -0.5376068024983968 228.26513671875 -0.6047505513729317 0.1401848816749149 -0.7839802099312999 -99.11953124999999 -0.1863239283776373 0.9321638468479672 0.3104093367531404 -458.09296875 0 0 0 1 
Seq_Frame0012_ReferenceToTrackerTransformStatus = OK
Seq_Frame0012_Timestamp = 11141.59385714286
Seq_Frame0012_ImageStatus = OK
Seq_Frame0013_ProbeToTrackerTransform = -0.2832822301144445 0.7675771886817259 -0.5749577702030341 69.0807092183063 -0.002709348392512384 -0.6001541227460499 -0.7998797962082846 43.5928564044752 -0.959032761449094 -0.2250339715829083 0.1720926323261631 -250.58935546875 0 0 0 1 
Seq_Frame0013_ProbeToTrackerTransformStatus = OK
Seq_Frame0013_ReferenceToTrackerTransform = 0.7744299298799962 0.3353837391171253 -0.5364476034449965 228.3640099995563 -0.604500909953052 0.1421123796844219 -0.7838256958063846 -98.6857946879437 -0.1866465471740541 0.931301143066112 0.3127958557138455 -458.4150842183063 0 0 0 1 
Seq_Frame0013_ReferenceToTrackerTransformStatus = OK
Seq_Frame0013_Timestamp = 11141.69298571428
Seq_Frame0013_ImageStatus = OK
Seq_Frame0014_ProbeToTrackerTransform = -0.2849337051835278 0.7724531226699053 -0.5675640553522557 69.84178023975704 -0.007658901726087496 -0.5939243578897085 -0.804484430135007 46.07903502152817 -0.9585166273334731 -0.2248778121176239 0.1751452104468008 -249.952653353993 0 0 0 1 
Seq_Frame0014_ProbeToTrackerTransformStatus = OK
Seq_Frame0014_ReferenceToTrackerTransform = 0.7748795087771722 0.3353398883514198 -0.5358254437386355 228.3767578125 -0.6039890912197815 0.1427750045212326 -0.784099786871202 -98.03634476024296 -0.1864374548333857 0.931215580499177 0.3131750597841883 -458.4608564789929 0 0 0 1 
Seq_Frame0014_ReferenceToTrackerTransformStatus = OK
Seq_Frame0014_Timestamp = 11141.79192857143
Seq_Frame0014_ImageStatus = OK
Seq_Frame0015_ProbeToTrackerTransform = -0.2906148607086927 0.7714515311163929 -0.5660437596806807 70.48373013544445 -0.0139903495581048 -0.5949387918225505 -0.8036492419606741 47.76384698963889 -0.9567378286942088 -0.2256332624479312 0.1836909307031619 -248.8642190833055 0 0 0 1 
Seq_Frame0015_ProbeToTrackerTransformStatus = OK
Seq_Frame0015_ReferenceToTrackerTransform = 0.7748726321796078 0.3344694565945686 -0.5363791443600136 228.3767578125 -0.6041586583201044 0.1422999512766262 -0.784055507884181 -98.27738247919444 -0.1859158935537722 0.931601259376566 0.3123369559499782 -458.09296875 0 0 0 1 
Seq_Frame0015_ReferenceToTrackerTransformStatus = OK
Seq_Frame0015_Timestamp = 11141.89087142857
Seq_Frame0015_ImageStatus = OK
Seq_Frame0016_ProbeToTrackerTransform = -0.2981559212781417 0.7665653984202422 -0.5687534936610041 71.01102103488776 -0.01660824743430021 -0.5999307245949901 -0.7998795483096759 48.666796875 -0.9543726802061885 -0.2290428248859708 0.1916042057062187 -248.4685546875 0 0 0 1 
Seq_Frame0016_ProbeToTrackerTransformStatus = OK
Seq_Frame0016_ReferenceToTrackerTransform = 0.774453329544208 0.3344138145711785 -0.5370190322342812 228.1335102151122 -0.6046256588268935 0.1414901409844105 -0.7838420457543451 -98.78466796875 -0.1861447099598466 0.9317445683384289 0.3117726837389695 -458.42783203125 0 0 0 1 
Seq_Frame0016_ReferenceToTrackerTransformStatus = OK
Seq_Frame0016_Timestamp = 11141.99018571429
Seq_Frame0016_ImageStatus = OK
Seq_Frame0017_ProbeToTrackerTransform = -0.3010137687909881 0.7604311814171005 -0.575443419744147 72.16578806814637 -0.01169932243104184 -0.6063300492165957 -0.7951270321600538 49.63159202767229 -0.9535480254569773 -0.2326118865096829 0.1914102228239295 -248.4685546875 0 0 0 1 
Seq_Frame0017_ProbeToTrackerTransformStatus = OK
Seq_Frame0017_ReferenceToTrackerTransform = 0.7745696888343914 0.3345732017386033 -0.5367518698778551 228.0286296342241 -0.6044302658582518 0.1415952970143348 -0.7839737403624852 -98.5746906782759 -0.1862950639537107 0.9316713715370899 0.311901594424717 -458.4410969282758 0 0 0 1 
Seq_Frame0017_ReferenceToTrackerTransformStatus = OK
Seq_Frame0017_Timestamp = 11142.0894
Seq_Frame0017_ImageStatus = OK
Seq_Frame0018_ProbeToTrackerTransform = -0.3027152587989369 0.7577297696512356 -0.5781081804252369 73.86970085294587 -0.01026508190559137 -0.6091246207717252 -0.7930080860011287 51.43386100919587 -0.953025760503757 -0.2341213201611239 0.192169475365492 -248.58017578125 0 0 0 1 
Seq_Frame0018_ProbeToTrackerTransformStatus = OK
Seq_Frame0018_ReferenceToTrackerTransform = 0.7748925800483872 0.3347184120910712 -0.5361949962403466 228.26513671875 -0.6041256671467621 0.142644738715704 -0.7840182758145423 -98.15996950735138 -0.185939957191651 0.931459104375474 0.3127463336245633 -458.3162109375 0 0 0 1 
Seq_Frame0018_ReferenceToTrackerTransformStatus = OK
Seq_Frame0018_Timestamp = 11142.18852857143
Seq_Frame0018_ImageStatus = OK
Seq_Frame0019_ProbeToTrackerTransform = -0.3032272026899993 0.7581530422012042 -0.5772843564049327 75.0793849649107 -0.01335399921411071 -0.6091281310586451 -0.7929593877734167 53.01341338486607 -0.9528247132887496 -0.2327378021595576 0.1948285943904307 -248.9150390625 0 0 0 1 
Seq_Frame0019_ProbeToTrackerTransformStatus = OK
Seq_Frame0019_ReferenceToTrackerTransform = 0.7746927601476328 0.335767835499551 -0.5358274797159891 228.0068895487946 -0.6042214838660455 0.1431971832995135 -0.7838437121836215 -98.2265625 -0.1864605207800208 0.9309965238060945 0.3138119609756955 -458.5744581074554 0 0 0 1 
Seq_Frame0019_ReferenceToTrackerTransformStatus = OK
Seq_Frame0019_Timestamp = 11142.28758571429
Seq_Frame0019_ImageStatus = OK
Seq_Frame0020_ProbeToTrackerTransform = -0.3011963224974747 0.7598874011301151 -0.5760658928609789 75.5340554708681 -0.01636678867150095 -0.608150618590886 -0.7936529174243016 54.00789687605905 -0.9534216819134016 -0.2296169913382766 0.1956096463525719 -248.691796875 0 0 0 1 
Seq_Frame0020_ProbeToTrackerTransformStatus = OK
Seq_Frame0020_ReferenceToTrackerTransform = 0.774403908567324 0.3360506011697317 -0.5360677008075693 228.04189453125 -0.6043642096360025 0.1422166851467814 -0.7839121867766258 -98.44980468749999 -0.1871963902074549 0.9310447937233328 0.3132301128148043 -458.522740626059 0 0 0 1 
Seq_Frame0020_ReferenceToTrackerTransformStatus = OK
Seq_Frame0020_Timestamp = 11142.38927142857
Seq_Frame0020_ImageStatus = OK
Seq_Frame0021_ProbeToTrackerTransform = -0.3120099466122012 0.7592603535498759 -0.5711160203867238 73.40232438074428 -0.03121912799010141 -0.6089935887394375 -0.7925605181447017 52.2891212152457 -0.9495657740581158 -0.2294570208156165 0.2137155032650481 -248.2537207233743 0 0 0 1 
Seq_Frame0021_ProbeToTrackerTransformStatus = OK
Seq_Frame0021_ReferenceToTrackerTransform = 0.7743459213608235 0.3355196280877423 -0.5364838983974455 228.0503027546243 -0.6044648379801517 0.1415194211055839 -0.7839607854322622 -98.34659181712428 -0.1871113404299337 0.931342489430072 0.3123948041576716 -458.4194238078757 0 0 0 1 
Seq_Frame0021_ReferenceToTrackerTransformStatus = OK
Seq_Frame0021_Timestamp = 11142.48855714286
Seq_Frame0021_ImageStatus = OK
Seq_Frame0022_ProbeToTrackerTransform = -0.3337478575703198 0.7527619396628449 -0.5674168042649537 68.18432352421141 -0.04856533091807357 -0.6148612937316218 -0.7871384872457286 49.01751847218456 -0.941410524797784 -0.2351489988618012 0.2417667721881011 -248.4366848350788 0 0 0 1 
Seq_Frame0022_ProbeToTrackerTransformStatus = OK
Seq_Frame0022_ReferenceToTrackerTransform = 0.7744777848390538 0.3348996744681177 -0.5366808817462583 228.04189453125 -0.6043812670447938 0.1411571073844902 -0.7840905273501098 -98.44980468749999 -0.186835341507227 0.9316205660439192 0.3117301334293583 -458.539453125 0 0 0 1 
Seq_Frame0022_ReferenceToTrackerTransformStatus = OK
Seq_Frame0022_Timestamp = 11142.58795714286
Seq_Frame0022_ImageStatus = OK
Seq_Frame0023_ProbeToTrackerTransform = -0.3495975373404445 0.7478735121528907 -0.5643286025939115 65.19417537383519 -0.04430863902313192 -0.6148597550857703 -0.7873907708906579 47.16550457725139 -0.9358516476415558 -0.2502652420852062 0.2480907136726787 -248.9689854534162 0 0 0 1 
Seq_Frame0023_ProbeToTrackerTransformStatus = OK
Seq_Frame0023_ReferenceToTrackerTransform = 0.774530011801954 0.334599137094469 -0.5367929566170756 228.04189453125 -0.6043157332183889 0.1407717308722413 -0.7842103125896485 -98.5037510784162 -0.1868308202700665 0.9317868518297894 0.3112354532413428 -458.4855067340837 0 0 0 1 
Seq_Frame0023_ReferenceToTrackerTransformStatus = OK
Seq_Frame0023_Timestamp = 11142.68757142857
Seq_Frame0023_ImageStatus = OK
Seq_Frame0024_ProbeToTrackerTransform = -0.3667422251223831 0.7409440310781756 -0.5625851785480192 63.24263878023909 -0.02075355483728096 -0.6110859056912448 -0.7912921747541342 45.44836349797819 -0.9300910870844313 -0.278524610537623 0.2394882273744708 -250.4126346572609 0 0 0 1 
Seq_Frame0024_ProbeToTrackerTransformStatus = OK
Seq_Frame0024_ReferenceToTrackerTransform = 0.7743947306742041 0.3344322272398924 -0.5370920651875167 228.153515625 -0.6045010984169108 0.1404670996344464 -0.7841220669851311 -98.56142578124999 -0.18679192465622 0.9318927402355119 0.3109416305025326 -458.4510927192554 0 0 0 1 
Seq_Frame0024_ReferenceToTrackerTransformStatus = OK
Seq_Frame0024_Timestamp = 11142.78702857143
Seq_Frame0024_ImageStatus = OK
Seq_Frame0025_ProbeToTrackerTransform = -0.3857236703184657 0.7315302709417306 -0.5622105591786498 61.41723702894527 -0.005034117318176692 -0.6110264812757638 -0.7915941490704601 43.99793753733395 -0.9226006220564121 -0.3025063666696575 0.2393699862251832 -251.4695064855274 0 0 0 1 
Seq_Frame0025_ProbeToTrackerTransformStatus = OK
Seq_Frame0025_ReferenceToTrackerTransform = 0.7742162359443914 0.3353602150493403 -0.5367706644016222 227.9302734375 -0.6044614908143251 0.1403279659161797 -0.7841775105831276 -98.33177472713868 -0.1876580030870581 0.9315801565855124 0.3113565251178944 -458.7626953125 0 0 0 1 
Seq_Frame0025_ReferenceToTrackerTransformStatus = OK
Seq_Frame0025_Timestamp = 11142.88661428572
Seq_Frame0025_ImageStatus = OK
Seq_Frame0026_ProbeToTrackerTransform = -0.4047091818336249 0.7218113059876544 -0.5614257891190561 59.58724041508764 0.008082146481269847 -0.6111047782879227 -0.7915084515416904 42.50921307133764 -0.9144097314922962 -0.3248682633038597 0.241485930128695 -251.48232421875 0 0 0 1 
Seq_Frame0026_ProbeToTrackerTransformStatus = OK
Seq_Frame0026_ReferenceToTrackerTransform = 0.7745948201155506 0.3342634881440806 -0.5369085444877086 228.153515625 -0.6042062689385026 0.1402076478873761 -0.7843956909935849 -98.3071177783041 -0.1869161556034458 0.9319923475907094 0.3105682128080509 -458.4588978466959 0 0 0 1 
Seq_Frame0026_ReferenceToTrackerTransformStatus = OK
Seq_Frame0026_Timestamp = 11142.98632857143
Seq_Frame0026_ImageStatus = OK
Seq_Frame0027_ProbeToTrackerTransform = -0.4152534088518485 0.7184175622849149 -0.5580688242838152 58.0392939814741 0.001745257053668762 -0.6128305180557983 -0.7902124462556119 40.01156864871762 -0.9097041060227968 -0.329112385576815 0.2532261383530572 -250.8107602719871 0 0 0 1 
Seq_Frame0027_ProbeToTrackerTransformStatus = OK
Seq_Frame0027_ReferenceToTrackerTransform = 0.7741706812339995 0.3341954124249207 -0.537562259307536 228.153515625 -0.6047977367563747 0.1399704154849314 -0.7839821301556195 -98.673046875 -0.1867604185368309 0.932052417572699 0.3104816209775305 -458.4845612702565 0 0 0 1 
Seq_Frame0027_ReferenceToTrackerTransformStatus = OK
Seq_Frame0027_Timestamp = 11143.0857
Seq_Frame0027_ImageStatus = OK
Seq_Frame0028_ProbeToTrackerTransform = -0.4234534782443833 0.711437385987751 -0.5608422216467383 55.93509734830737 -0.01419458794609809 -0.6242218812888174 -0.7811181450928467 38.18734344205736 -0.9058066379949828 -0.3228062712203171 0.2744274873715477 -249.8209371920574 0 0 0 1 
Seq_Frame0028_ProbeToTrackerTransformStatus = OK
Seq_Frame0028_ReferenceToTrackerTransform = 0.774336458180152 0.3338124365637703 -0.5375614446073834 228.2322394806858 -0.6046259942995023 0.1397615868387449 -0.784151838524692 -98.56142578124999 -0.1866291953322316 0.9322209802614802 0.3100541685092605 -458.5394531249999 0 0 0 1 
Seq_Frame0028_ReferenceToTrackerTransformStatus = OK
Seq_Frame0028_Timestamp = 11143.18502857143
Seq_Frame0028_ImageStatus = OK
Seq_Frame0029_ProbeToTrackerTransform = -0.4317854729062351 0.7010229430363546 -0.5675633345484774 54.23080785081027 -0.0215170738737408 -0.6370706692111376 -0.7705050148849033 37.0454203412327 -0.9017196465193884 -0.3204805700311975 0.2901618226325231 -248.6875359470776 0 0 0 1 
Seq_Frame0029_ProbeToTrackerTransformStatus = OK
Seq_Frame0029_ReferenceToTrackerTransform = 0.7747408739638033 0.3330301656399995 -0.537463940170498 228.48837890625 -0.6042861996941263 0.1398724675991995 -0.7843939582040018 -98.44980468750001 -0.1860504422704575 0.9324841025891569 0.3096104509693783 -458.3162109375 0 0 0 1 
Seq_Frame0029_ReferenceToTrackerTransformStatus = OK
Seq_Frame0029_Timestamp = 11143.28432857143
Seq_Frame0029_ImageStatus = OK
Seq_Frame0030_ProbeToTrackerTransform = -0.4393924792535479 0.6936486663773486 -0.5707764683379529 52.34411690285057 -0.02466585737403335 -0.6444765347952202 -0.7642261390310784 35.65985142017529 -0.8979564826067153 -0.3217165269787537 0.3002875815169593 -248.0484315694626 0 0 0 1 
Seq_Frame0030_ProbeToTrackerTransformStatus = OK
Seq_Frame0030_ReferenceToTrackerTransform = 0.7746796670853198 0.3333386994186979 -0.5373608888581575 228.3767578125 -0.6042747874105069 0.139818268829615 -0.784412412574837 -98.53506452428735 -0.1863421441986885 0.9323819835085513 0.3097425416763004 -458.3162109375 0 0 0 1 
Seq_Frame0030_ReferenceToTrackerTransformStatus = OK
Seq_Frame0030_Timestamp = 11143.3837
Seq_Frame0030_ImageStatus = OK
Seq_Frame0031_ProbeToTrackerTransform = -0.4429940449706448 0.6868343743769119 -0.5762072702550903 50.67733871825201 -0.02083756298039284 -0.6504266768889569 -0.7592831711293402 34.379977952876 -0.8962823618088135 -0.3243511679730239 0.302447099085031 -247.68720703125 0 0 0 1 
Seq_Frame0031_ProbeToTrackerTransformStatus = OK
Seq_Frame0031_ReferenceToTrackerTransform = 0.7743355425449794 0.3333350108611677 -0.5378589388359718 228.320606726687 -0.604741162863194 0.1396346025131023 -0.7840856482042506 -98.728516882937 -0.1862594789277697 0.9324108259319993 0.3097054377862335 -458.372362023313 0 0 0 1 
Seq_Frame0031_ReferenceToTrackerTransformStatus = OK
Seq_Frame0031_Timestamp = 11143.48331428571
Seq_Frame0031_ImageStatus = OK
Seq_Frame0032_ProbeToTrackerTransform = -0.437130149763033 0.6834369129426138 -0.5846633374820233 50.14716392223047 -0.004818995940271727 -0.651830989946166 -0.7583489551808778 34.10301925071094 -0.8993853509182124 -0.3286797021011051 0.2882284579642559 -248.3331909854414 0 0 0 1 
Seq_Frame0032_ProbeToTrackerTransformStatus = OK
Seq_Frame0032_ReferenceToTrackerTransform = 0.7743326149694225 0.3331452586422247 -0.5379807041510147 228.3767578125 -0.6047822317014631 0.1395423134142046 -0.7840704018040792 -98.78466796875 -0.1861382647732976 0.9324924554178535 0.3095324974473095 -458.2869181090195 0 0 0 1 
Seq_Frame0032_ReferenceToTrackerTransformStatus = OK
Seq_Frame0032_Timestamp = 11143.58277142857
Seq_Frame0032_ImageStatus = OK
Seq_Frame0033_ProbeToTrackerTransform = -0.4416293121175735 0.676394781453181 -0.5894519915153929 50.32504602347201 0.01626662139205883 -0.6508479705757052 -0.7590338044026589 34.82578125 -0.897050136674114 -0.3447999692871069 0.276430883717004 -249.489211789028 0 0 0 1 
Seq_Frame0033_ProbeToTrackerTransformStatus = OK
Seq_Frame0033_ReferenceToTrackerTransform = 0.7743552715438602 0.3338390165051449 -0.5375178364399758 228.26513671875 -0.6045952420523525 0.1397838423062957 -0.7841715824472003 -98.56142578124999 -0.1866507613697097 0.9322081250927641 0.3100798361569831 -458.324244566389 0 0 0 1 
Seq_Frame0033_ReferenceToTrackerTransformStatus = OK
Seq_Frame0033_Timestamp = 11143.68254285714
Seq_Frame0033_ImageStatus = OK
Seq_Frame0034_ProbeToTrackerTransform = -0.4499301444319488 0.6640462801648234 -0.5971644689117955 49.57447478764316 0.04086344542967643 -0.6526613000810013 -0.756547028415414 34.49091796875 -0.8921283786311596 -0.3647955114524277 0.2665167740782934 -250.3366949559637 0 0 0 1 
Seq_Frame0034_ProbeToTrackerTransformStatus = OK
Seq_Frame0034_ReferenceToTrackerTransform = 0.7744491839286866 0.333592293047106 -0.5375357137267861 228.26513671875 -0.6046057387074768 0.1401614221849305 -0.7840960887882839 -98.56142578124999 -0.1862266421170127 0.9322397533631956 0.3102397137942701 -458.3162109375 0 0 0 1 
Seq_Frame0034_ReferenceToTrackerTransformStatus = OK
Seq_Frame0034_Timestamp = 11143.78195714286
Seq_Frame0034_ImageStatus = OK
Seq_Frame0035_ProbeToTrackerTransform = -0.449536421749928 0.6574955919431912 -0.6046623455247925 50.25709414276664 0.07354547203837478 -0.6473735769170659 -0.7586161845441055 34.379296875 -0.8902292227639596 -0.385495782706992 0.2426621776301369 -251.5795376985249 0 0 0 1 
Seq_Frame0035_ProbeToTrackerTransformStatus = OK
Seq_Frame0035_ReferenceToTrackerTransform = 0.7744252919104331 0.3328043748135529 -0.5380582824884316 228.3347482432583 -0.6048708278585503 0.1401680124668477 -0.7838904323225318 -98.78466796875 -0.1854636052036967 0.9325203356420995 0.3098533116795648 -458.09296875 0 0 0 1 
Seq_Frame0035_ReferenceToTrackerTransformStatus = OK
Seq_Frame0035_Timestamp = 11143.8815
Seq_Frame0035_ImageStatus = OK
Seq_Frame0036_ProbeToTrackerTransform = -0.45772104950311 0.6430600525826317 -0.6139749258839441 51.4286821100864 0.1108205548501414 -0.6439112708849505 -0.7570317561701323 35.13200242258639 -0.8821622557469109 -0.4145504118919086 0.2234674708671726 -253.1694880088796 0 0 0 1 
Seq_Frame0036_ProbeToTrackerTransformStatus = OK
Seq_Frame0036_ReferenceToTrackerTransform = 0.7747660227743141 0.332797558021117 -0.5375717583073465 228.26513671875 -0.6045113573387888 0.1408484041449498 -0.7840457549774987 -98.673046875 -0.1852123883623502 0.9324202445383744 0.3103044614118717 -458.3162109375001 0 0 0 1 
Seq_Frame0036_ReferenceToTrackerTransformStatus = OK
Seq_Frame0036_Timestamp = 11143.98145714286
Seq_Frame0036_ImageStatus = OK
Seq_Frame0037_ProbeToTrackerTransform = -0.4750519844303876 0.6285429596094975 -0.6158403689383186 51.66434860747988 0.1415477184298397 -0.6361557572133576 -0.7584656195053315 35.47929001372989 -0.8684986214704417 -0.4474813968084409 0.2132382330031583 -253.71474609375 0 0 0 1 
Seq_Frame0037_ProbeToTrackerTransformStatus = OK
Seq_Frame0037_ReferenceToTrackerTransform = 0.7746437662852179 0.3331741698191471 -0.5375146583310775 228.2813545175201 -0.6047597878030568 0.1417509925877402 -0.7836914285334453 -98.65682907622988 -0.1849125047471218 0.9321489305179257 0.3112968630141221 -458.3162109375 0 0 0 1 
Seq_Frame0037_ReferenceToTrackerTransformStatus = OK
Seq_Frame0037_Timestamp = 11144.08144285715
Seq_Frame0037_ImageStatus = OK
Seq_Frame0038_ProbeToTrackerTransform = -0.4894955037734722 0.6153214176307671 -0.6178783899687846 51.45732421875 0.1641325674461444 -0.6308924892184706 -0.7583107327153287 35.16064453125 -0.8564196705407293 -0.4726036606423874 0.207824752756556 -253.49150390625 0 0 0 1 
Seq_Frame0038_ProbeToTrackerTransformStatus = OK
Seq_Frame0038_ReferenceToTrackerTransform = 0.7749933127622695 0.3324289499555074 -0.5374721931460661 228.4805257828498 -0.6044719923380705 0.1417847786228814 -0.7839073204338026 -98.66519375159977 -0.1843881114730749 0.9324098185789013 0.3108262449746701 -458.20458984375 0 0 0 1 
Seq_Frame0038_ReferenceToTrackerTransformStatus = OK
Seq_Frame0038_Timestamp = 11144.18144285714
Seq_Frame0038_ImageStatus = OK
Seq_Frame0039_ProbeToTrackerTransform = -0.5078898973218932 0.5998125913902301 -0.6182820613668925 51.12246093749999 0.1849715839354114 -0.6250657582785166 -0.758339179367734 34.93740234375 -0.841328333847602 -0.4995174201541324 0.2065162986976525 -253.3798828125 0 0 0 1 
Seq_Frame0039_ProbeToTrackerTransformStatus = OK
Seq_Frame0039_ReferenceToTrackerTransform = 0.774812835229424 0.3324605904493797 -0.5377127729204424 228.2308677512522 -0.6045784452557446 0.141039229527731 -0.7839597178850268 -98.56142578124999 -0.1847971154966661 0.9325116039665533 0.3102775121916475 -458.3504799049978 0 0 0 1 
Seq_Frame0039_ReferenceToTrackerTransformStatus = OK
Seq_Frame0039_Timestamp = 11144.28125714286
Seq_Frame0039_ImageStatus = OK
Seq_Frame0040_ProbeToTrackerTransform = -0.5270596405235103 0.5810937467645967 -0.6201114357938508 50.78759765625 0.2094312358915853 -0.6183705541128328 -0.7574671050541477 35.0490234375 -0.823618050290395 -0.5291010444870347 0.2042189804072522 -253.2185093044957 0 0 0 1 
Seq_Frame0040_ProbeToTrackerTransformStatus = OK
Seq_Frame0040_ReferenceToTrackerTransform = 0.7747509764270723 0.3327822609783536 -0.5376029122906918 228.0916469455042 -0.6046833067767706 0.1415822673366827 -0.7837809388351532 -98.56142578124999 -0.1847133536883791 0.93231455440422 0.3109188778688948 -458.3162109375 0 0 0 1 
Seq_Frame0040_ReferenceToTrackerTransformStatus = OK
Seq_Frame0040_Timestamp = 11144.38117142857
Seq_Frame0040_ImageStatus = OK
Seq_Frame0041_ProbeToTrackerTransform = -0.5438502054605812 0.5660299536281463 -0.6195458381881055 50.89921875 0.2255492734648853 -0.6125141415181259 -0.7575974865849119 35.18353527682513 -0.8083034574093729 -0.5517576624171446 0.2054482969119528 -252.7988865981749 0 0 0 1 
Seq_Frame0041_ProbeToTrackerTransformStatus = OK
Seq_Frame0041_ReferenceToTrackerTransform = 0.7747738593009699 0.3324856570653604 -0.5377534330803443 228.2880274643251 -0.6047437095141456 0.1416235523756739 -0.7837268753944613 -98.53853503567487 -0.1844193936302568 0.9324141018122314 0.3107948358559681 -458.3162109375 0 0 0 1 
Seq_Frame0041_ReferenceToTrackerTransformStatus = OK
Seq_Frame0041_Timestamp = 11144.48108571429
Seq_Frame0041_ImageStatus = OK
Seq_Frame0042_ProbeToTrackerTransform = -0.558307324600853 0.5541431433392805 -0.6174287877861701 50.78759765625 0.2409754216351064 -0.6038162203243662 -0.7598268343780568 35.0490234375 -0.7938663473562917 -0.5730020495279733 0.2035801409075096 -252.59853515625 0 0 0 1 
Seq_Frame0042_ProbeToTrackerTransformStatus = OK
Seq_Frame0042_ReferenceToTrackerTransform = 0.7748997092863512 0.3324227060578547 -0.5376109978833223 228.152670010637 -0.6046017392445023 0.1417415431317664 -0.7838150750356544 -98.56058016688701 -0.1843561158477018 0.9324186181366172 0.3108188268135475 -458.317056551863 0 0 0 1 
Seq_Frame0042_ReferenceToTrackerTransformStatus = OK
Seq_Frame0042_Timestamp = 11144.5809
Seq_Frame0042_ImageStatus = OK
Seq_Frame0043_ProbeToTrackerTransform = -0.5727984103620677 0.5387656244615067 -0.6177649900935557 50.56435546874999 0.2595938141178136 -0.5956274457691753 -0.760157218947669 34.93740234375 -0.7775043618903075 -0.5957848166453145 0.2013142307350742 -252.3973113762816 0 0 0 1 
Seq_Frame0043_ProbeToTrackerTransformStatus = OK
Seq_Frame0043_ReferenceToTrackerTransform = 0.7751423436918737 0.3319811851954427 -0.5375340358452645 228.153515625 -0.6042427467943622 0.1410716945617648 -0.7842126496938673 -98.33818359374999 -0.1845130075693127 0.9326774735511205 0.3099478671777327 -458.42783203125 0 0 0 1 
Seq_Frame0043_ReferenceToTrackerTransformStatus = OK
Seq_Frame0043_Timestamp = 11144.68062857143
Seq_Frame0043_ImageStatus = OK
Seq_Frame0044_ProbeToTrackerTransform = -0.5863317724419472 0.5241516879117344 -0.6176407213618321 50.6759765625 0.2751259589589989 -0.5882807803207922 -0.7604153011427709 34.93740234375 -0.7619191291285289 -0.6157846470678199 0.2007199768423281 -252.59853515625 0 0 0 1 
Seq_Frame0044_ProbeToTrackerTransformStatus = OK
Seq_Frame0044_ReferenceToTrackerTransform = 0.7749540543207486 0.3323569110985424 -0.5375733413562002 228.153515625 -0.6044330098077549 0.1411933969821599 -0.7840441067334011 -98.33818359374999 -0.184680671285797 0.9325252319876786 0.3103058835403442 -458.42783203125 0 0 0 1 
Seq_Frame0044_ReferenceToTrackerTransformStatus = OK
Seq_Frame0044_Timestamp = 11144.78055714286
Seq_Frame0044_ImageStatus = OK
Seq_Frame0045_ProbeToTrackerTransform = -0.5941323392187433 0.5137510241410316 -0.6189237826166525 50.53010378212266 0.2869188294946564 -0.5834796450535765 -0.7597559404766564 35.0490234375 -0.7514548215134962 -0.6289764614055073 0.1992592839039777 -252.9676501241273 0 0 0 1 
Seq_Frame0045_ProbeToTrackerTransformStatus = OK
Seq_Frame0045_ReferenceToTrackerTransform = 0.7748451822696632 0.3326338949677978 -0.5375589599588541 228.26513671875 -0.6046171344932186 0.1417253999901484 -0.7838061186765778 -98.41555300087265 -0.1845347235365253 0.9323457528815073 0.3109313957983556 -458.4620837178773 0 0 0 1 
Seq_Frame0045_ReferenceToTrackerTransformStatus = OK
Seq_Frame0045_Timestamp = 11144.8802
Seq_Frame0045_ImageStatus = OK
Seq_Frame0046_ProbeToTrackerTransform = -0.6003296395841058 0.5057818304771857 -0.6195071135959335 50.33960386819527 0.2988777579633996 -0.5766130680414636 -0.7603877008201683 34.93589293069528 -0.7418061806372263 -0.6416401715314883 0.1949909758051718 -253.3813922255547 0 0 0 1 
Seq_Frame0046_ProbeToTrackerTransformStatus = OK
Seq_Frame0046_ReferenceToTrackerTransform = 0.7748950525063656 0.3328209490854276 -0.5373712622117337 228.1550250380547 -0.6044696402187009 0.1416207807944829 -0.7839387785414338 -98.22807191305473 -0.1848083105680883 0.9322948944926365 0.3109214017206483 -458.3162109375 0 0 0 1 
Seq_Frame0046_ReferenceToTrackerTransformStatus = OK
Seq_Frame0046_Timestamp = 11144.97995714286
Seq_Frame0046_ImageStatus = OK
Seq_Frame0047_ProbeToTrackerTransform = -0.6016324531303623 0.51633598974623 -0.60945511486337 49.69976496290659 0.2993415490875163 -0.5616447117742576 -0.771329925988806 35.24388738084342 -0.7405626430831009 -0.6464923537280176 0.1833428707121695 -253.3798828125 0 0 0 1 
Seq_Frame0047_ProbeToTrackerTransformStatus = OK
Seq_Frame0047_ReferenceToTrackerTransform = 0.77496732977919 0.3328494577549383 -0.5372493613278244 228.2935149629066 -0.6042011240019681 0.1408411317201344 -0.784286157834339 -98.2265625 -0.1853824142945335 0.9324028175032695 0.3102552922712111 -458.3162109375 0 0 0 1 
Seq_Frame0047_ReferenceToTrackerTransformStatus = OK
Seq_Frame0047_Timestamp = 11145.07981428572
Seq_Frame0047_ImageStatus = OK
Seq_Frame0048_ProbeToTrackerTransform = -0.6019552457172372 0.5267555809387696 -0.6001486816642691 48.83513970821919 0.2926343388101179 -0.5537635959462142 -0.779558223325162 36.44155353159243 -0.7429771368640262 -0.644883274519178 0.1791941303245077 -252.9901201769692 0 0 0 1 
Seq_Frame0048_ProbeToTrackerTransformStatus = OK
Seq_Frame0048_ReferenceToTrackerTransform = 0.7743573189081494 0.3342376095168114 -0.5372671244714964 228.153515625 -0.6046112118082218 0.1404601080434045 -0.7840384178114163 -98.33818359374999 -0.1865905281871952 0.9319636143288657 0.3108501187998822 -458.4845537707191 0 0 0 1 
Seq_Frame0048_ReferenceToTrackerTransformStatus = OK
Seq_Frame0048_Timestamp = 11145.17964285715
Seq_Frame0048_ImageStatus = OK
Seq_Frame0049_ProbeToTrackerTransform = -0.6090214124318696 0.5223225131106171 -0.5968853420023815 48.19227389076652 0.2923219815961851 -0.5517567124165331 -0.7810969142039795 37.44914362471695 -0.7373199972028225 -0.6501874518945352 0.1833453002498869 -253.156640625 0 0 0 1 
Seq_Frame0049_ProbeToTrackerTransformStatus = OK
Seq_Frame0049_ReferenceToTrackerTransform = 0.7743412161031963 0.3344934794412088 -0.5371310764190961 228.1815542342335 -0.6046647732658472 0.1409836938547528 -0.78390312541693 -98.2265625 -0.1864837607278035 0.9317927399794351 0.3114259088554329 -458.42783203125 0 0 0 1 
Seq_Frame0049_ReferenceToTrackerTransformStatus = OK
Seq_Frame0049_Timestamp = 11145.27942857143
Seq_Frame0049_ImageStatus = OK
Seq_Frame0050_ProbeToTrackerTransform = -0.6279351281225736 0.5051408860719521 -0.5920558758158983 48.11005819517511 0.3024141577783116 -0.5425864297336838 -0.7836744499114979 37.83818399232487 -0.717107489882041 -0.6711427951541292 0.187947323651551 -253.4928706951751 0 0 0 1 
Seq_Frame0050_ProbeToTrackerTransformStatus = OK
Seq_Frame0050_ReferenceToTrackerTransform = 0.7743198829329234 0.3347545747620428 -0.53699915602413 228.26513671875 -0.6045260381658543 0.1405172545088285 -0.7840938530334218 -98.11494140625 -0.1870213572676661 0.9317694327789388 0.3111731609001249 -458.539453125 0 0 0 1 
Seq_Frame0050_ReferenceToTrackerTransformStatus = OK
Seq_Frame0050_Timestamp = 11145.37925714286
Seq_Frame0050_ImageStatus = OK
Seq_Frame0051_ProbeToTrackerTransform = -0.6407378302039049 0.4892207894538382 -0.5917077421428211 48.55517578125 0.3128656405885952 -0.5374233967987906 -0.7831290976029033 37.2814453125 -0.7011206200681019 -0.6869054605543714 0.1912871254839358 -254.0242478475937 0 0 0 1 
Seq_Frame0051_ProbeToTrackerTransformStatus = OK
Seq_Frame0051_ReferenceToTrackerTransform = 0.7741759389565213 0.3348615317204999 -0.5371399911704483 228.26513671875 -0.604657795837909 0.140283051381725 -0.7840341927667911 -98.33818359374999 -0.18719125373059 0.9317662904767659 0.3110803987041563 -458.539453125 0 0 0 1 
Seq_Frame0051_ReferenceToTrackerTransformStatus = OK
Seq_Frame0051_Timestamp = 11145.47922857143
Seq_Frame0051_ImageStatus = OK
Seq_Frame0052_ProbeToTrackerTransform = -0.6546867030825752 0.4801032102069447 -0.5838546294719725 48.26482256422439 0.3198529590305848 -0.5238900521951031 -0.7894512637334816 37.9737728403012 -0.6848937183287982 -0.7035908759783618 0.1894214186245964 -253.9824983454744 0 0 0 1 
Seq_Frame0052_ProbeToTrackerTransformStatus = OK
Seq_Frame0052_ReferenceToTrackerTransform = 0.7740697184722116 0.3348961304420803 -0.5372714888762219 228.1980256892244 -0.60465773156599 0.1395623758065571 -0.7841628471922784 -98.15945147047439 -0.1876302177204466 0.9318620740614731 0.3105285434932308 -458.42783203125 0 0 0 1 
Seq_Frame0052_ReferenceToTrackerTransformStatus = OK
Seq_Frame0052_Timestamp = 11145.57915714286
Seq_Frame0052_ImageStatus = OK
Seq_Frame0053_ProbeToTrackerTransform = -0.6656305452055933 0.4776561369856147 -0.5733939240079933 48.10869140625 0.3216896922132012 -0.5096418727573049 -0.7979855283501093 38.77916829204943 -0.6733882381012315 -0.7156184572329075 0.1855761419323951 -253.8263671875 0 0 0 1 
Seq_Frame0053_ProbeToTrackerTransformStatus = OK
Seq_Frame0053_ReferenceToTrackerTransform = 0.7745958840517169 0.3347146962392706 -0.5366258366232394 228.3767578125 -0.6040273886587758 0.139984330436697 -0.7845733241592207 -98.00332031249999 -0.1874890134386518 0.9318639704128721 0.3106081301031231 -458.539453125 0 0 0 1 
Seq_Frame0053_ReferenceToTrackerTransformStatus = OK
Seq_Frame0053_Timestamp = 11145.67941428572
Seq_Frame0053_ImageStatus = OK
