ObjectType = Image
NDims = 3
AnatomicalOrientation = RAI
BinaryData = True
BinaryDataByteOrderMSB = False
CenterOfRotation = 0 0 0
CompressedData = False
DimSize = 1024 768 98                             
ElementNumberOfChannels = 1
ElementSpacing = 1 1 1
ElementType = MET_UCHAR
Offset = 0 0 0
TransformMatrix = 1 0 0 0 1 0 0 0 1
UltrasoundImageOrientation = MF
UltrasoundImageType = BRIGHTNESS
Seq_Frame0000_ReferenceToTrackerTransform = -0.1048512050955646 0.9673953663404625 0.2305481077194299 464.7579629703463 -0.7048253104638405 -0.2358350390676577 0.6690314761485494 -17.52451171875 0.7015892719530128 -0.09234738507915832 0.7065723274722007 -272.69033203125 0 0 0 1 
Seq_Frame0000_ReferenceToTrackerTransformStatus = OK
Seq_Frame0000_ProbeToTrackerTransform = 0.9798056302653587 0.04871176579153545 0.193928055664397 236.2547771843072 -0.1598191457383337 0.7736321207784125 0.6131485809780244 -43.0857421875 -0.1201614229100677 -0.6317598480224635 0.7657941804890276 -180.4267657844427 0 0 0 1 
Seq_Frame0000_ProbeToTrackerTransformStatus = OK
Seq_Frame0000_Timestamp = 4349.419071428571
Seq_Frame0000_ImageStatus = OK
Seq_Frame0001_ReferenceToTrackerTransform = -0.1054533908351827 0.9672789245130843 0.2307619218029124 464.8732439619191 -0.704591388927118 -0.2364330368210671 0.6690668081360207 -17.6361328125 0.7017339645557404 -0.09203749938138911 0.7064690663408439 -272.5500994306692 0 0 0 1 
Seq_Frame0001_ReferenceToTrackerTransformStatus = OK
Seq_Frame0001_ProbeToTrackerTransform = 0.9823400531651522 0.04332730110208694 0.1820185840146417 238.1965891289267 -0.1494300668492991 0.7671181594447277 0.6238592666391576 -43.05713068066917 -0.1125996228630456 -0.6400409943350055 0.760045295032972 -180.1278338056692 0 0 0 1 
Seq_Frame0001_ProbeToTrackerTransformStatus = OK
Seq_Frame0001_Timestamp = 4349.519142857143
Seq_Frame0001_ImageStatus = OK
Seq_Frame0002_ReferenceToTrackerTransform = -0.1055215574004342 0.9671278140632833 0.2313633337176873 464.9738402913633 -0.7045882267228206 -0.2368968973041457 0.6689060403459218 -17.59649654136331 0.7017268925211415 -0.09243187390096622 0.7064246010720309 -272.5067261148867 0 0 0 1 
Seq_Frame0002_ReferenceToTrackerTransformStatus = OK
Seq_Frame0002_ProbeToTrackerTransform = 0.9865631349392869 0.05343343592938007 0.1543957535152664 239.9602907306834 -0.1397467782619031 0.7655495791716297 0.6280164645895513 -43.98599865716007 -0.08464052660625729 -0.6411542012300329 0.7627301433016096 -179.7026732178399 0 0 0 1 
Seq_Frame0002_ProbeToTrackerTransformStatus = OK
Seq_Frame0002_Timestamp = 4349.619314285716
Seq_Frame0002_ImageStatus = OK
Seq_Frame0003_ReferenceToTrackerTransform = -0.1050229917779923 0.9671423045082677 0.2315295532506317 465.0245546313607 -0.7046741101523876 -0.2366533949252037 0.6689017634535855 -17.52451171875 0.7017154477984225 -0.09290281750739836 0.7063741903695566 -272.46708984375 0 0 0 1 
Seq_Frame0003_ReferenceToTrackerTransformStatus = OK
Seq_Frame0003_ProbeToTrackerTransform = 0.986712531672447 0.08987495464295832 0.1353546170933091 243.0766675757753 -0.155659215434339 0.7616824710314831 0.6289753746958142 -44.67059363772153 -0.0465681059408279 -0.6416870778278927 0.7655515042489197 -178.1251094872785 0 0 0 1 
Seq_Frame0003_ProbeToTrackerTransformStatus = OK
Seq_Frame0003_Timestamp = 4349.719842857145
Seq_Frame0003_ImageStatus = OK
Seq_Frame0004_ReferenceToTrackerTransform = -0.1056239302337572 0.9671034449329923 0.2314184784340118 465.12509765625 -0.7045478498406222 -0.2370116335336566 0.668907925543317 -17.74517623228151 0.7017520307394418 -0.09239270733367676 0.7064047529459461 -272.35546875 0 0 0 1 
Seq_Frame0004_ReferenceToTrackerTransformStatus = OK
Seq_Frame0004_ProbeToTrackerTransform = 0.9767983653759521 0.1558721138633577 0.1468633293870065 246.5581077239075 -0.2135103550039313 0.762196221241079 0.6111221225188263 -45.53882857603151 -0.01668177763198895 -0.6282999319159509 0.7777923333701922 -177.3684956427185 0 0 0 1 
Seq_Frame0004_ProbeToTrackerTransformStatus = OK
Seq_Frame0004_Timestamp = 4349.820514285714
Seq_Frame0004_ImageStatus = OK
Seq_Frame0005_ReferenceToTrackerTransform = -0.1064191446897417 0.967219296534126 0.2305684238041597 465.3267749521785 -0.7039610681149363 -0.2370537103239961 0.6695105324041625 -17.97099609375 0.7022206065204737 -0.09106245567552893 0.7061117821877501 -272.35546875 0 0 0 1 
Seq_Frame0005_ReferenceToTrackerTransformStatus = OK
Seq_Frame0005_ProbeToTrackerTransform = 0.9626562190868183 0.2113532469205385 0.1691827676497151 249.5669973693215 -0.2707248362555352 0.7491447080661914 0.6045579123713745 -47.15102798153573 0.001032902650416282 -0.6277834112116747 0.7783873853805365 -177.0526195790714 0 0 0 1 
Seq_Frame0005_ProbeToTrackerTransformStatus = OK
Seq_Frame0005_Timestamp = 4349.920942857145
Seq_Frame0005_ImageStatus = OK
Seq_Frame0006_ReferenceToTrackerTransform = -0.1059464840700533 0.9672106781516782 0.2308221102549862 465.23671875 -0.7042781300793178 -0.2368589981557813 0.6692459417020168 -17.97099609375 0.7019741149110654 -0.09165870968986327 0.706279705876373 -272.5787109375 0 0 0 1 
Seq_Frame0006_ReferenceToTrackerTransformStatus = OK
Seq_Frame0006_ProbeToTrackerTransform = 0.9503918711992065 0.2440414454154029 0.1928705889399199 252.1224370217091 -0.3110430293593074 0.7401423421272908 0.5961891874877583 -48.68426139988942 0.002743181630084979 -0.6266044097434117 0.7793326559593503 -176.6316485969303 0 0 0 1 
Seq_Frame0006_ProbeToTrackerTransformStatus = OK
Seq_Frame0006_Timestamp = 4350.021142857145
Seq_Frame0006_ImageStatus = OK
Seq_Frame0007_ReferenceToTrackerTransform = -0.1057970177579864 0.9673478983240796 0.2303150768870812 465.12509765625 -0.7043424211628154 -0.2363957170170145 0.6693420790048348 -17.89825255102872 0.7019321511257476 -0.09140628306630472 0.7063541226835044 -272.6514544802212 0 0 0 1 
Seq_Frame0007_ReferenceToTrackerTransformStatus = OK
Seq_Frame0007_ProbeToTrackerTransform = 0.9419450238745186 0.2618937617531564 0.2101219397226607 253.1227746333074 -0.3357591985656639 0.7303829043128089 0.5948164201382886 -50.87036431764358 0.002309237228084517 -0.6308347411504592 0.7759137817960558 -176.361328125 0 0 0 1 
Seq_Frame0007_ProbeToTrackerTransformStatus = OK
Seq_Frame0007_Timestamp = 4350.121314285716
Seq_Frame0007_ImageStatus = OK
Seq_Frame0008_ReferenceToTrackerTransform = -0.1065309252745507 0.9672754527499066 0.2302810466964474 465.12509765625 -0.7041563126568647 -0.2369073405707368 0.6693570043924159 -18.0695567601974 0.7020078698316962 -0.09084663169960813 0.7063510743272072 -272.5787109375 0 0 0 1 
Seq_Frame0008_ReferenceToTrackerTransformStatus = OK
Seq_Frame0008_ProbeToTrackerTransform = 0.9345789783725407 0.2726157919177682 0.2285667586968547 253.8524880421052 -0.3557433601063754 0.7214992793231341 0.5940416245318368 -52.84901905296039 -0.002965623773141149 -0.6364899213131707 0.7712793172012263 -176.02646484375 0 0 0 1 
Seq_Frame0008_ProbeToTrackerTransformStatus = OK
Seq_Frame0008_Timestamp = 4350.221457142859
Seq_Frame0008_ImageStatus = OK
Seq_Frame0009_ReferenceToTrackerTransform = -0.1060628664002079 0.9672963794382196 0.2304091636560571 465.0134765625 -0.7043579720821075 -0.2366439072319339 0.6692380057456279 -17.859375 0.7018764246898115 -0.0913092300685748 0.7064220473406329 -272.5916194993686 0 0 0 1 
Seq_Frame0009_ReferenceToTrackerTransformStatus = OK
Seq_Frame0009_ProbeToTrackerTransform = 0.9265969631983317 0.2856458424669505 0.2445905159097049 254.9296695631314 -0.3760068213206393 0.7142474130431524 0.5903130553202369 -54.8659438775255 -0.006077673237208103 -0.6389499868084437 0.7692242691475038 -175.8161312181186 0 0 0 1 
Seq_Frame0009_ProbeToTrackerTransformStatus = OK
Seq_Frame0009_Timestamp = 4350.321571428572
Seq_Frame0009_ImageStatus = OK
Seq_Frame0010_ReferenceToTrackerTransform = -0.1063663190700572 0.967376200344145 0.2299336712515401 465.2367187499999 -0.7044652182561825 -0.236512390321234 0.6691716113911331 -17.74775390625 0.7017228530087617 -0.09080295277280791 0.7066398384842049 -272.5787109375 0 0 0 1 
Seq_Frame0010_ReferenceToTrackerTransformStatus = OK
Seq_Frame0010_ProbeToTrackerTransform = 0.9143963242272772 0.314817722835102 0.254497865666031 255.6858834901147 -0.404763397358637 0.7004742000923867 0.5877945960653477 -56.2189889588647 0.006778967350438569 -0.6404886387703158 0.7679377248239663 -176.3232858338647 0 0 0 1 
Seq_Frame0010_ProbeToTrackerTransformStatus = OK
Seq_Frame0010_Timestamp = 4350.421842857144
Seq_Frame0010_ImageStatus = OK
Seq_Frame0011_ReferenceToTrackerTransform = -0.1065119329649103 0.9672685270638285 0.2303189195178081 465.23671875 -0.7042463215745122 -0.2369086689347334 0.6692618330163032 -17.859375 0.7019204560951673 -0.09091688036522698 0.70642890242388 -272.5787109375 0 0 0 1 
Seq_Frame0011_ReferenceToTrackerTransformStatus = OK
Seq_Frame0011_ProbeToTrackerTransform = 0.9062579743820725 0.3421286338191406 0.2482830678680112 256.6651118064407 -0.4215840166025168 0.6883661404730448 0.590270254710106 -56.6883290816314 0.03103869865493479 -0.6396092983777619 0.7680732677385116 -177.3025141501907 0 0 0 1 
Seq_Frame0011_ProbeToTrackerTransformStatus = OK
Seq_Frame0011_Timestamp = 4350.522071428572
Seq_Frame0011_ImageStatus = OK
Seq_Frame0012_ReferenceToTrackerTransform = -0.106857919521426 0.9671376676962858 0.2307078602010365 465.2367187499999 -0.7043437211406787 -0.2374060631158678 0.6689830219710562 -17.859375 0.7017701244177146 -0.09101149882741801 0.706566061706853 -272.6023260124273 0 0 0 1 
Seq_Frame0012_ReferenceToTrackerTransformStatus = OK
Seq_Frame0012_ProbeToTrackerTransform = 0.8984756860527512 0.3742460941830179 0.2295240783900326 257.06337890625 -0.4345700168346967 0.6838622440746827 0.5860728040076851 -57.75533561860461 0.06237260648978441 -0.6263164472675892 0.777069730360008 -177.9476385124273 0 0 0 1 
Seq_Frame0012_ProbeToTrackerTransformStatus = OK
Seq_Frame0012_Timestamp = 4350.622442857143
Seq_Frame0012_ImageStatus = OK
Seq_Frame0013_ReferenceToTrackerTransform = -0.1067674720041676 0.967209862753451 0.2304469316660349 465.23671875 -0.7043151371692693 -0.2371662787954385 0.6690981570416691 -17.859375 0.7018125778839198 -0.09086934353661408 0.7065421911882914 -272.46708984375 0 0 0 1 
Seq_Frame0013_ReferenceToTrackerTransformStatus = OK
Seq_Frame0013_ProbeToTrackerTransform = 0.8850168124703332 0.4078178863539593 0.2245658326964293 257.5085609074748 -0.4584492881331705 0.6794360166920113 0.5728795243608227 -58.93203037867441 0.08105240190790569 -0.6099600567180463 0.7882761174572507 -177.8137047175252 0 0 0 1 
Seq_Frame0013_ProbeToTrackerTransformStatus = OK
Seq_Frame0013_Timestamp = 4350.722571428573
Seq_Frame0013_ImageStatus = OK
Seq_Frame0014_ReferenceToTrackerTransform = -0.1073130582822575 0.9670247198100815 0.2309699088590171 465.2367187499999 -0.7042115667074521 -0.2379214164934821 0.6689390621642386 -17.99374786251794 0.7018332970424991 -0.09086578481457615 0.7065220678170546 -272.667580262482 0 0 0 1 
Seq_Frame0014_ReferenceToTrackerTransformStatus = OK
Seq_Frame0014_ProbeToTrackerTransform = 0.871988962269147 0.4394575955963193 0.2156670381710618 257.3093728625179 -0.4782649479712544 0.6708447435805743 0.5667715320588774 -60.34150818121412 0.1043929558103887 -0.5973645048737124 0.7951463758919831 -177.5664083874821 0 0 0 1 
Seq_Frame0014_ProbeToTrackerTransformStatus = OK
Seq_Frame0014_Timestamp = 4350.822842857144
Seq_Frame0014_ImageStatus = OK
Seq_Frame0015_ReferenceToTrackerTransform = -0.1069330316178865 0.9670925392798804 0.2308621823040783 465.12509765625 -0.7040804125246298 -0.2375992683547142 0.6691915722545015 -17.97099609375 0.702022862482523 -0.09098685699867799 0.7063181240810313 -272.69033203125 0 0 0 1 
Seq_Frame0015_ReferenceToTrackerTransformStatus = OK
Seq_Frame0015_ProbeToTrackerTransform = 0.8621263907984663 0.4594118244307474 0.2137261375265603 257.28662109375 -0.4925017680366926 0.6606543928246476 0.5665490108739296 -61.86503423998427 0.1190802030966605 -0.5936973545626663 0.7958287230401713 -177.70078125 0 0 0 1 
Seq_Frame0015_ProbeToTrackerTransformStatus = OK
Seq_Frame0015_Timestamp = 4350.923057142859
Seq_Frame0015_ImageStatus = OK
Seq_Frame0016_ReferenceToTrackerTransform = -0.1068785552107681 0.9672202794178799 0.2303516996222449 465.3012734561225 -0.7044639254722608 -0.2371585221787069 0.6689442525847911 -17.81230861237257 0.7016463155638115 -0.09077866732228418 0.7067189550414776 -272.5787109375 0 0 0 1 
Seq_Frame0016_ReferenceToTrackerTransformStatus = OK
Seq_Frame0016_ProbeToTrackerTransform = 0.8619908969019269 0.4614017329974294 0.2099526957321117 257.4453085751274 -0.4916564808644287 0.6600731869911996 0.5679588828773494 -61.79101954987257 0.1234730678416045 -0.5927999903865131 0.7958282307857223 -177.81240234375 0 0 0 1 
Seq_Frame0016_ProbeToTrackerTransformStatus = OK
Seq_Frame0016_Timestamp = 4351.023400000001
Seq_Frame0016_ImageStatus = OK
Seq_Frame0017_ReferenceToTrackerTransform = -0.1067208917560427 0.9670676684191178 0.2310644411440368 465.23671875 -0.7043839645239131 -0.2375520492234222 0.6688888206804831 -17.859375 0.7017505837435191 -0.09137367568487 0.7065387247755541 -272.6646026820026 0 0 0 1 
Seq_Frame0017_ReferenceToTrackerTransformStatus = OK
Seq_Frame0017_ProbeToTrackerTransform = 0.8663508062647293 0.4539374352927082 0.208271662317109 257.50986328125 -0.4853140687440727 0.666696802508127 0.5656727218140477 -61.25425111950261 0.1179259732354454 -0.5911481864687719 0.7978955360641863 -177.58916015625 0 0 0 1 
Seq_Frame0017_ProbeToTrackerTransformStatus = OK
Seq_Frame0017_Timestamp = 4351.123857142859
Seq_Frame0017_ImageStatus = OK
Seq_Frame0018_ReferenceToTrackerTransform = -0.1066995850347989 0.9669408207987816 0.2316045069215624 465.12509765625 -0.7044008401376305 -0.2379085399186622 0.6687443330953694 -17.74775390625 0.701736884428061 -0.09178766641956096 0.706498669019588 -272.5787109375 0 0 0 1 
Seq_Frame0018_ReferenceToTrackerTransformStatus = OK
Seq_Frame0018_ProbeToTrackerTransform = 0.870683447208116 0.4466810437679038 0.2058795276277079 257.28662109375 -0.4782621949982399 0.6712106152125866 0.5663405184704753 -61.16835937499999 0.1147850495197772 -0.5915677097039334 0.7980426287125177 -177.36591796875 0 0 0 1 
Seq_Frame0018_ProbeToTrackerTransformStatus = OK
Seq_Frame0018_Timestamp = 4351.224142857143
Seq_Frame0018_ImageStatus = OK
Seq_Frame0019_ReferenceToTrackerTransform = -0.1071647160161045 0.9670393838594952 0.2309773878669413 465.2367187499999 -0.7043238012201027 -0.2378087405117509 0.6688609616139066 -17.74775390625 0.7017433339021133 -0.09100457681272137 0.7065935609125551 -272.4845855524866 0 0 0 1 
Seq_Frame0019_ReferenceToTrackerTransformStatus = OK
Seq_Frame0019_ProbeToTrackerTransform = 0.8727670440594413 0.4424250001887121 0.2062469539454175 257.175 -0.4751157961141457 0.6729959244325422 0.566869884523785 -61.37410585376335 0.1119940493355185 -0.5927365392020353 0.797571769816502 -177.4775390625 0 0 0 1 
Seq_Frame0019_ProbeToTrackerTransformStatus = OK
Seq_Frame0019_Timestamp = 4351.324642857144
Seq_Frame0019_ImageStatus = OK
Seq_Frame0020_ReferenceToTrackerTransform = -0.1069115110273843 0.9671402531738701 0.2306721905662313 465.0886546297451 -0.7043227287721993 -0.2374214343910751 0.6689996683306855 -17.74775390625 0.7017830309609404 -0.0909439012934163 0.7065619465218948 -272.5787109375 0 0 0 1 
Seq_Frame0020_ReferenceToTrackerTransformStatus = OK
Seq_Frame0020_ProbeToTrackerTransform = 0.8739146114451566 0.4317010004040033 0.223399861577495 257.28662109375 -0.4766763136363654 0.6711710460806425 0.5677227482856941 -61.6900218172451 0.09514695959780629 -0.6026306274603034 0.7923278254145152 -177.8875804109951 0 0 0 1 
Seq_Frame0020_ProbeToTrackerTransformStatus = OK
Seq_Frame0020_Timestamp = 4351.425228571429
Seq_Frame0020_ImageStatus = OK
Seq_Frame0021_ReferenceToTrackerTransform = -0.1068454624019858 0.9672687899316068 0.2301632794090991 465.12509765625 -0.7046157085334563 -0.23698553249721 0.6688456927235974 -17.52451171875 0.7014989311837908 -0.09071353488459708 0.7068736125622033 -272.5787109375 0 0 0 1 
Seq_Frame0021_ReferenceToTrackerTransformStatus = OK
Seq_Frame0021_ProbeToTrackerTransform = 0.8726197426670697 0.4226146343850137 0.24480942692486 257.50986328125 -0.4824437196268418 0.6678269837582873 0.5667937695113854 -61.94970703125 0.07604500049493378 -0.6127022038216685 0.7866467868947258 -178.03564453125 0 0 0 1 
Seq_Frame0021_ProbeToTrackerTransformStatus = OK
Seq_Frame0021_Timestamp = 4351.525514285715
Seq_Frame0021_ImageStatus = OK
Seq_Frame0022_ReferenceToTrackerTransform = -0.1073214107705188 0.9670793522826356 0.2307371690448329 465.23671875 -0.7043062240073884 -0.2377539987561577 0.6688989302577121 -17.859375 0.7017370288182606 -0.09072244740997219 0.706636101484537 -272.69033203125 0 0 0 1 
Seq_Frame0022_ReferenceToTrackerTransformStatus = OK
Seq_Frame0022_ProbeToTrackerTransform = 0.8687350655836752 0.4200340291531761 0.262432467843969 257.6509021293832 -0.491695643879081 0.6678216326583237 0.5587930392765345 -62.67826910251642 0.05945401261195937 -0.6144800088749181 0.7866889722612217 -177.8946056831168 0 0 0 1 
Seq_Frame0022_ProbeToTrackerTransformStatus = OK
Seq_Frame0022_Timestamp = 4351.626171428572
Seq_Frame0022_ImageStatus = OK
Seq_Frame0023_ReferenceToTrackerTransform = -0.1074929760060223 0.9670443440998374 0.2308040221787388 465.23671875 -0.7040242957202769 -0.2379561332663569 0.669123807435135 -17.9663042240375 0.7019936261426714 -0.0905655297861105 0.7064013262088515 -272.69033203125 0 0 0 1 
Seq_Frame0023_ReferenceToTrackerTransformStatus = OK
Seq_Frame0023_ProbeToTrackerTransform = 0.8641892415136029 0.4190063154670393 0.2785869028703248 257.8447265625 -0.5011803513845531 0.6676513024003717 0.5505088498735904 -63.6287153072125 0.04466777628447233 -0.6153661072904678 0.786974805035064 -177.81240234375 0 0 0 1 
Seq_Frame0023_ProbeToTrackerTransformStatus = OK
Seq_Frame0023_Timestamp = 4351.72672857143
Seq_Frame0023_ImageStatus = OK
Seq_Frame0024_ReferenceToTrackerTransform = -0.1077818353155987 0.9671845232251908 0.2300807988721823 465.34833984375 -0.7042306162192676 -0.2376304398774342 0.6690224310313427 -17.859375 0.7017423424273555 -0.08992147728611676 0.7067331977254576 -272.69033203125 0 0 0 1 
Seq_Frame0024_ReferenceToTrackerTransformStatus = OK
Seq_Frame0024_ProbeToTrackerTransform = 0.8584943647417654 0.4167998687404181 0.2987729825881234 257.8447265625 -0.512100858118053 0.6658563495826793 0.542575370649261 -64.37013831314185 0.02720545572833845 -0.6187997989159332 0.785077494289713 -177.81240234375 0 0 0 1 
Seq_Frame0024_ProbeToTrackerTransformStatus = OK
Seq_Frame0024_Timestamp = 4351.827685714286
Seq_Frame0024_ImageStatus = OK
Seq_Frame0025_ReferenceToTrackerTransform = -0.1080488460254317 0.9669987065713539 0.2307356677280332 465.2763484460642 -0.703814907162323 -0.2383227924482672 0.6692135855283805 -18.15460858518574 0.7021182402762823 -0.09008744690015931 0.7063386075971975 -272.801953125 0 0 0 1 
Seq_Frame0025_ReferenceToTrackerTransformStatus = OK
Seq_Frame0025_ProbeToTrackerTransform = 0.8541786623157679 0.4131809913759258 0.3156901664766464 257.8843562585643 -0.5198006730849913 0.6625784199173931 0.5392560595117694 -65.14708905393574 0.01364086158699297 -0.624716980580309 0.7807321058274641 -177.9240234375 0 0 0 1 
Seq_Frame0025_ProbeToTrackerTransformStatus = OK
Seq_Frame0025_Timestamp = 4351.928085714287
Seq_Frame0025_ImageStatus = OK
Seq_Frame0026_ReferenceToTrackerTransform = -0.1078216195574576 0.9672249267622541 0.2298922343311292 465.2898387057693 -0.7041185674433114 -0.237542048876729 0.6691717402857241 -17.91249495576935 0.7018486598530952 -0.08972020990388756 0.7066531982501858 -272.5787109375 0 0 0 1 
Seq_Frame0026_ReferenceToTrackerTransformStatus = OK
Seq_Frame0026_ProbeToTrackerTransform = 0.8482314708770299 0.407263231030725 0.338585340001904 257.95634765625 -0.5295626171701028 0.6620479617728209 0.5303356774802209 -65.68632308076934 -0.008173512692954752 -0.6291495505544511 0.7772412989074823 -178.147265625 0 0 0 1 
Seq_Frame0026_ProbeToTrackerTransformStatus = OK
Seq_Frame0026_Timestamp = 4352.028685714286
Seq_Frame0026_ImageStatus = OK
Seq_Frame0027_ReferenceToTrackerTransform = -0.1084240627394894 0.9669683104264478 0.2306870374556934 465.34833984375 -0.7038513803498367 -0.2385457195798295 0.6690957883963784 -18.19423828125 0.7020238293667055 -0.08982330600218719 0.7064660761141647 -272.6116933673885 0 0 0 1 
Seq_Frame0027_ReferenceToTrackerTransformStatus = OK
Seq_Frame0027_ProbeToTrackerTransform = 0.8426835187046166 0.3981131440233827 0.3624781536305648 258.1009511798886 -0.5374707040005111 0.6617487088207376 0.5226986595690499 -66.48051564102715 -0.03177624340290899 -0.6352909340844586 0.7716188822374003 -178.03564453125 0 0 0 1 
Seq_Frame0027_ProbeToTrackerTransformStatus = OK
Seq_Frame0027_Timestamp = 4352.128985714286
Seq_Frame0027_ImageStatus = OK
Seq_Frame0028_ReferenceToTrackerTransform = -0.1084183742159981 0.9671428614773785 0.2299568255688624 465.2455149774855 -0.7038937092789892 -0.2380310789930057 0.6692345265083768 -17.97979232123552 0.7019822662787327 -0.08930784359043655 0.706572718765309 -272.46708984375 0 0 0 1 
Seq_Frame0028_ReferenceToTrackerTransformStatus = OK
Seq_Frame0028_ProbeToTrackerTransform = 0.8359099618291019 0.3928692819998816 0.3832861372079183 258.6348704462355 -0.5463947305396785 0.6618357487652603 0.5132506601016698 -66.97265625 -0.05203204929023866 -0.6384568653536629 0.7678968009631459 -177.6919850225144 0 0 0 1 
Seq_Frame0028_ProbeToTrackerTransformStatus = OK
Seq_Frame0028_Timestamp = 4352.229185714285
Seq_Frame0028_ImageStatus = OK
Seq_Frame0029_ReferenceToTrackerTransform = -0.1088383215136463 0.9669807790902485 0.230439563964412 465.34833984375 -0.7038787444566587 -0.2386594898033698 0.6690264277507376 -17.99033262833374 0.7019322851046317 -0.08938579751174927 0.7066125149832676 -272.5787109375 0 0 0 1 
Seq_Frame0029_ReferenceToTrackerTransformStatus = OK
Seq_Frame0029_ProbeToTrackerTransform = 0.8306557315307461 0.3895752574657169 0.3977966496159083 259.0532220591663 -0.5527281058815413 0.6630648500332738 0.5048134760671075 -67.17656190291626 -0.06710213591030406 -0.6391995959173259 0.7661078122140529 -177.4775390625 0 0 0 1 
Seq_Frame0029_ProbeToTrackerTransformStatus = OK
Seq_Frame0029_Timestamp = 4352.329100000001
Seq_Frame0029_ImageStatus = OK
Seq_Frame0030_ReferenceToTrackerTransform = -0.1084565120433749 0.9670465122290813 0.230343717476633 465.4122751913137 -0.7039623977072775 -0.2383165853188971 0.6690606458133388 -18.01868183993629 0.7019074922022178 -0.08958933166125567 0.706611367049019 -272.5147755899363 0 0 0 1 
Seq_Frame0030_ReferenceToTrackerTransformStatus = OK
Seq_Frame0030_ProbeToTrackerTransform = 0.8240285183108108 0.3849326115423015 0.4156968674186914 259.4713572225637 -0.5605773436715273 0.6602187645470313 0.4998642062622266 -67.70631816006372 -0.08203683790020105 -0.6449326069530172 0.7598235911816117 -177.58916015625 0 0 0 1 
Seq_Frame0030_ProbeToTrackerTransformStatus = OK
Seq_Frame0030_Timestamp = 4352.429028571428
Seq_Frame0030_ImageStatus = OK
Seq_Frame0031_ReferenceToTrackerTransform = -0.1081323847129858 0.9670364852150174 0.2305381175408266 465.34833984375 -0.7040896182966481 -0.2382090440485334 0.6689650669058617 -17.859375 0.7018298916284224 -0.08998270720793559 0.7066384617471425 -272.6153105070076 0 0 0 1 
Seq_Frame0031_ReferenceToTrackerTransformStatus = OK
Seq_Frame0031_ProbeToTrackerTransform = 0.8181400524216446 0.3857690336263258 0.4264142438035101 259.85390625 -0.5681983854964035 0.6562426880103637 0.4964837652453633 -68.12546675700763 -0.08830316722965866 -0.6484811386061613 0.756091769251106 -177.4775390625 0 0 0 1 
Seq_Frame0031_ProbeToTrackerTransformStatus = OK
Seq_Frame0031_Timestamp = 4352.528885714285
Seq_Frame0031_ImageStatus = OK
Seq_Frame0032_ReferenceToTrackerTransform = -0.1083947477360169 0.9669956693675982 0.230586109918955 465.4599609375 -0.7040928104001668 -0.2384245776561044 0.6688849191843865 -17.97099609375 0.7017862160273884 -0.08985041009266118 0.7066986704389223 -272.5787109375 0 0 0 1 
Seq_Frame0032_ReferenceToTrackerTransformStatus = OK
Seq_Frame0032_ProbeToTrackerTransform = 0.8184356008774127 0.3889266044860378 0.4229648490588667 260.0771484375 -0.5683959362512285 0.6558560086430801 0.4967685130720924 -68.21098388168366 -0.08419754669536439 -0.6469845378753107 0.7578402080127135 -177.4775390625 0 0 0 1 
Seq_Frame0032_ProbeToTrackerTransformStatus = OK
Seq_Frame0032_Timestamp = 4352.628957142857
Seq_Frame0032_ImageStatus = OK
Seq_Frame0033_ReferenceToTrackerTransform = -0.107663796452443 0.9671382136812746 0.2303305940834614 465.3609459220956 -0.7044691979167453 -0.2376903239517108 0.6687499226813177 -17.64873889084567 0.7015209591451881 -0.09026065331651503 0.7069097243233335 -272.5787109375 0 0 0 1 
Seq_Frame0033_ReferenceToTrackerTransformStatus = OK
Seq_Frame0033_ProbeToTrackerTransform = 0.8209481946584547 0.3907649386778702 0.4163494018094706 260.1761634529044 -0.5656835618765166 0.6558750202755298 0.4998300367137518 -68.31210937499999 -0.07775711870768443 -0.6458565788769621 0.7594887161845298 -177.4775390625 0 0 0 1 
Seq_Frame0033_ProbeToTrackerTransformStatus = OK
Seq_Frame0033_Timestamp = 4352.728857142858
Seq_Frame0033_ImageStatus = OK
Seq_Frame0034_ReferenceToTrackerTransform = -0.1076399836007728 0.9668938705693575 0.2313652458469768 465.23671875 -0.7041451842181374 -0.2384311347360149 0.6688274467535718 -17.97099609375 0.7018498368403536 -0.09092214825829281 0.7064983860443465 -272.5787109375 0 0 0 1 
Seq_Frame0034_ReferenceToTrackerTransformStatus = OK
Seq_Frame0034_ProbeToTrackerTransform = 0.8218019639433172 0.3930114323997739 0.4125330848089451 260.300390625 -0.5650305849450926 0.6553579824792145 0.5012448033420195 -68.31210937499999 -0.07336191202192693 -0.6450177740216553 0.7606379566263016 -177.4415152047734 0 0 0 1 
Seq_Frame0034_ProbeToTrackerTransformStatus = OK
Seq_Frame0034_Timestamp = 4352.829328571428
Seq_Frame0034_ImageStatus = OK
Seq_Frame0035_ReferenceToTrackerTransform = -0.1081982628364574 0.9669221600435837 0.2309863033511371 465.34833984375 -0.703854232661849 -0.2385952128842694 0.669075140438434 -18.0826171875 0.7020558062456096 -0.09018791939811427 0.7063878425563865 -272.5303950584764 0 0 0 1 
Seq_Frame0035_ReferenceToTrackerTransformStatus = OK
Seq_Frame0035_ProbeToTrackerTransform = 0.8234383197310108 0.392060068696338 0.4101685460056547 260.2520747459764 -0.5626929730051702 0.6572214571178104 0.5014345165966793 -68.31210937499999 -0.07297911844612089 -0.6436993543866308 0.7617907779916099 -177.36591796875 0 0 0 1 
Seq_Frame0035_ProbeToTrackerTransformStatus = OK
Seq_Frame0035_Timestamp = 4352.929314285714
Seq_Frame0035_ImageStatus = OK
Seq_Frame0036_ReferenceToTrackerTransform = -0.1072537750569451 0.9669381889056564 0.2313593883374598 465.23671875 -0.7039735666077565 -0.2381804575305035 0.6690973674795878 -17.94801974089023 0.7020810816804487 -0.0911076752332606 0.7062446787480965 -272.69033203125 0 0 0 1 
Seq_Frame0036_ReferenceToTrackerTransformStatus = OK
Seq_Frame0036_ProbeToTrackerTransform = 0.8276061025996795 0.3887965999073406 0.4048522481600662 259.9425509908903 -0.5565628939782296 0.6620013434165191 0.5019880141609975 -68.20048828125 -0.07284149906712813 -0.6407740828210947 0.7642661125540228 -177.0080783346402 0 0 0 1 
Seq_Frame0036_ProbeToTrackerTransformStatus = OK
Seq_Frame0036_Timestamp = 4353.029500000001
Seq_Frame0036_ImageStatus = OK
Seq_Frame0037_ReferenceToTrackerTransform = -0.1074653279282407 0.966900016607266 0.2314207449174437 465.3462713677512 -0.7041269353938986 -0.23835028316502 0.6688754752328353 -17.859375 0.7018949081921539 -0.09106865761623831 0.7064347368681019 -272.4691583197488 0 0 0 1 
Seq_Frame0037_ReferenceToTrackerTransformStatus = OK
Seq_Frame0037_ProbeToTrackerTransform = 0.8351290963202099 0.3900596300326634 0.3878309908944501 259.2937323052512 -0.5469215440674203 0.6639824839440109 0.5099059576534186 -68.5353515625 -0.05861925549082067 -0.6379504260005812 0.7678431069244411 -176.5866387884988 0 0 0 1 
Seq_Frame0037_ProbeToTrackerTransformStatus = OK
Seq_Frame0037_Timestamp = 4353.1297
Seq_Frame0037_ImageStatus = OK
Seq_Frame0038_ReferenceToTrackerTransform = -0.1073607703517547 0.9667438487706149 0.2321206493478256 465.23671875 -0.7042349366948679 -0.2387475484619867 0.6686200431050259 -17.88013287370415 0.7018025498157251 -0.09168390789865849 0.7064469138615988 -272.46708984375 0 0 0 1 
Seq_Frame0038_ReferenceToTrackerTransformStatus = OK
Seq_Frame0038_ProbeToTrackerTransform = 0.8439857728216511 0.3951503464512655 0.362690252107891 258.8700742799542 -0.5351515529568427 0.6658424154556796 0.5198718045326426 -68.44448834245414 -0.03606702985442928 -0.6328586583745152 0.7734268471406256 -176.91943359375 0 0 0 1 
Seq_Frame0038_ProbeToTrackerTransformStatus = OK
Seq_Frame0038_Timestamp = 4353.229728571429
Seq_Frame0038_ImageStatus = OK
Seq_Frame0039_ReferenceToTrackerTransform = -0.1072549130749412 0.9666804578573843 0.2324333797412163 465.34833984375 -0.7040180615874899 -0.2389185524727363 0.6687873311022911 -17.97099609375 0.7020362900732982 -0.09190657039064189 0.7061856906927171 -272.5787109375 0 0 0 1 
Seq_Frame0039_ReferenceToTrackerTransformStatus = OK
Seq_Frame0039_ProbeToTrackerTransform = 0.8556344056408658 0.3995525381139763 0.3290099286803997 258.2400700989979 -0.5175068653278725 0.6711584246815877 0.5307852798613096 -68.42373046874999 -0.008741179675615109 -0.6244230443101928 0.7810374213264493 -177.305437713502 0 0 0 1 
Seq_Frame0039_ProbeToTrackerTransformStatus = OK
Seq_Frame0039_Timestamp = 4353.329871428572
Seq_Frame0039_ImageStatus = OK
Seq_Frame0040_ReferenceToTrackerTransform = -0.1075835323612117 0.9667908520449081 0.2318215519898112 465.34833984375 -0.7038788712270881 -0.2387420790244388 0.6689968268558297 -18.0826171875 0.702125571536007 -0.09120125056910786 0.7061883698347533 -272.24384765625 0 0 0 1 
Seq_Frame0040_ReferenceToTrackerTransformStatus = OK
Seq_Frame0040_ProbeToTrackerTransform = 0.8630497129974649 0.4101826008265609 0.2947803027241664 257.73310546875 -0.5047432799207656 0.6778150484989376 0.534603574065129 -68.31210937499999 0.01947855923369727 -0.6101778380173607 0.7920249943799996 -177.3926066635042 0 0 0 1 
Seq_Frame0040_ProbeToTrackerTransformStatus = OK
Seq_Frame0040_Timestamp = 4353.430242857142
Seq_Frame0040_ImageStatus = OK
Seq_Frame0041_ReferenceToTrackerTransform = -0.107874341232051 0.966822275825913 0.2315552060968468 465.4599609375 -0.7039590801787152 -0.2387498128679402 0.6689096652683833 -18.00166838393234 0.7020005270209475 -0.09084720040995065 0.7063582987691064 -272.1015542723176 0 0 0 1 
Seq_Frame0041_ReferenceToTrackerTransformStatus = OK
Seq_Frame0041_ProbeToTrackerTransform = 0.8685131128916432 0.4166209273918621 0.2685367304381515 257.3982421875 -0.4937847652460015 0.6800788558663666 0.541912682463185 -68.11953947768234 0.04314601193875087 -0.603257617160893 0.7963784709490474 -177.81240234375 0 0 0 1 
Seq_Frame0041_ProbeToTrackerTransformStatus = OK
Seq_Frame0041_Timestamp = 4353.530457142857
Seq_Frame0041_ImageStatus = OK
Seq_Frame0042_ReferenceToTrackerTransform = -0.106507232515664 0.9668898471590935 0.2319056551326836 465.34833984375 -0.704288357950781 -0.2379976544326388 0.6688310887956352 -17.74775390625 0.7018789911921051 -0.09209310476483637 0.7063177342937992 -272.3968874277901 0 0 0 1 
Seq_Frame0042_ReferenceToTrackerTransformStatus = OK
Seq_Frame0042_ProbeToTrackerTransform = 0.8736046295336295 0.4162003934292194 0.2521749070918293 257.1335813222099 -0.4834538162794081 0.6831044383319543 0.54739449563917 -67.86562499999999 0.05556400617563485 -0.6001212867750552 0.7979768683221123 -178.0770632090401 0 0 0 1 
Seq_Frame0042_ProbeToTrackerTransformStatus = OK
Seq_Frame0042_Timestamp = 4353.631171428571
Seq_Frame0042_ImageStatus = OK
Seq_Frame0043_ReferenceToTrackerTransform = -0.106204044232029 0.9669547775925724 0.2317739396042192 465.23671875 -0.704477624261628 -0.2376706211721521 0.6687480487794607 -17.6361328125 0.7017349769702618 -0.0922558069854815 0.7064395856504673 -272.46708984375 0 0 0 1 
Seq_Frame0043_ReferenceToTrackerTransformStatus = OK
Seq_Frame0043_ProbeToTrackerTransform = 0.87994528826884 0.4152861949298705 0.2307242205624228 256.3813417456489 -0.4697622704295237 0.6881727901368885 0.5529390745788446 -67.85331440189891 0.0708498336932909 -0.5949416670698731 0.8006401900040701 -178.1595762231011 0 0 0 1 
Seq_Frame0043_ProbeToTrackerTransformStatus = OK
Seq_Frame0043_Timestamp = 4353.731714285715
Seq_Frame0043_ImageStatus = OK
Seq_Frame0044_ReferenceToTrackerTransform = -0.1064684872494 0.9669184646967211 0.2318041066317854 465.23671875 -0.7045227214720349 -0.2378696855290834 0.6686297537770305 -17.6361328125 0.701649624921486 -0.09212326163804002 0.7065416537704677 -272.24384765625 0 0 0 1 
Seq_Frame0044_ReferenceToTrackerTransformStatus = OK
Seq_Frame0044_ProbeToTrackerTransform = 0.8866934938303528 0.4118512970165161 0.2101265265137545 255.9481920154837 -0.4543425786997666 0.6918874336213226 0.5611279714800772 -67.75502795298371 0.08571737968095208 -0.5930179494270922 0.8006136661823342 -178.48212890625 0 0 0 1 
Seq_Frame0044_ProbeToTrackerTransformStatus = OK
Seq_Frame0044_Timestamp = 4353.832371428572
Seq_Frame0044_ImageStatus = OK
Seq_Frame0045_ReferenceToTrackerTransform = -0.1056192260611582 0.9669529932064013 0.2320484604892334 465.23671875 -0.7046631632187591 -0.2374288138796264 0.6686384559253576 -17.53843550784242 0.7016369470664831 -0.09289492595882234 0.7064532024432548 -272.46708984375 0 0 0 1 
Seq_Frame0045_ReferenceToTrackerTransformStatus = OK
Seq_Frame0045_ProbeToTrackerTransform = 0.892522936419816 0.4095631106474698 0.1888408492919837 255.6262284765924 -0.4390818014201233 0.6934634796227469 0.5712403820557258 -67.53076171875 0.1030047553572584 -0.592761723482784 0.7987637695511175 -179.0123867968151 0 0 0 1 
Seq_Frame0045_ProbeToTrackerTransformStatus = OK
Seq_Frame0045_Timestamp = 4353.933142857143
Seq_Frame0045_ImageStatus = OK
Seq_Frame0046_ReferenceToTrackerTransform = -0.1055650157423906 0.9668730734852621 0.2324058674398557 465.2367187499999 -0.7045813474996192 -0.2376490768477346 0.6686464245242327 -17.52451171875 0.701727263405755 -0.09316316891659759 0.70632816151594 -272.46708984375 0 0 0 1 
Seq_Frame0046_ReferenceToTrackerTransformStatus = OK
Seq_Frame0046_ProbeToTrackerTransform = 0.8979189193972299 0.4074374650818844 0.1665422656149456 255.3084599990315 -0.4227325835612272 0.6928373032574404 0.5841863007727992 -67.6423828125 0.1226326913353894 -0.5949547741321232 0.7943488149127141 -179.8711659394369 0 0 0 1 
Seq_Frame0046_ProbeToTrackerTransformStatus = OK
Seq_Frame0046_Timestamp = 4354.034000000001
Seq_Frame0046_ImageStatus = OK
Seq_Frame0047_ReferenceToTrackerTransform = -0.1060849914219606 0.9668516134460304 0.2322583306833373 465.34833984375 -0.7043071654755759 -0.2379452439798592 0.6688299316919998 -17.74775390625 0.7019240637382097 -0.09262838897537401 0.7062029384681607 -272.46708984375 0 0 0 1 
Seq_Frame0047_ReferenceToTrackerTransformStatus = OK
Seq_Frame0047_ProbeToTrackerTransform = 0.9031515196652308 0.4037854291446149 0.145858355046543 254.8836185125937 -0.4063915170533354 0.6945154774589789 0.5937122084284736 -67.86562499999999 0.1384314537721571 -0.5954876814682448 0.7913476820122123 -180.7208489123125 0 0 0 1 
Seq_Frame0047_ProbeToTrackerTransformStatus = OK
Seq_Frame0047_Timestamp = 4354.134671428572
Seq_Frame0047_ImageStatus = OK
Seq_Frame0048_ReferenceToTrackerTransform = -0.1066888882289434 0.9666986188733829 0.2326182739957586 465.34833984375 -0.7042718490965862 -0.2386191845895301 0.6686269866793465 -17.859375 0.7018679674258879 -0.09249143211196124 0.7062766393470275 -272.46708984375 0 0 0 1 
Seq_Frame0048_ReferenceToTrackerTransformStatus = OK
Seq_Frame0048_ProbeToTrackerTransform = 0.9081167315897718 0.3993357107133859 0.1259166071483245 254.3478469848564 -0.3900975792004316 0.697616048097943 0.6009623350412001 -67.82899932860642 0.1521442753069382 -0.5948637151358652 0.7892966995408527 -181.0860397338936 0 0 0 1 
Seq_Frame0048_ProbeToTrackerTransformStatus = OK
Seq_Frame0048_Timestamp = 4354.235614285715
Seq_Frame0048_ImageStatus = OK
Seq_Frame0049_ReferenceToTrackerTransform = -0.106454134078983 0.9665776749868468 0.2332276046151399 465.34833984375 -0.7043133300916504 -0.2388717581391287 0.6684930936208181 -17.859375 0.7018619881377708 -0.09310145745660316 0.706202427230856 -272.567321029976 0 0 0 1 
Seq_Frame0049_ReferenceToTrackerTransformStatus = OK
Seq_Frame0049_ProbeToTrackerTransform = 0.9105930750972882 0.398480541888577 0.109697353300116 253.926598373726 -0.3793217269630067 0.7003546925478473 0.6046638174060131 -67.51937181122597 0.1641197094765484 -0.5922132743888776 0.7888904604562899 -181.284046157524 0 0 0 1 
Seq_Frame0049_ProbeToTrackerTransformStatus = OK
Seq_Frame0049_Timestamp = 4354.336142857143
Seq_Frame0049_ImageStatus = OK
Seq_Frame0050_ReferenceToTrackerTransform = -0.1069659825059762 0.9664655980883454 0.2334577612722863 465.34833984375 -0.7041144177709611 -0.2394134572181386 0.66850885049483 -17.9579356664528 0.7019837357614432 -0.09287326964522764 0.7061114575701299 -272.4540294164528 0 0 0 1 
Seq_Frame0050_ReferenceToTrackerTransformStatus = OK
Seq_Frame0050_ProbeToTrackerTransform = 0.9140702520678112 0.3945969470794308 0.09364199720361033 253.2813221460472 -0.3656711616158748 0.7020508140162242 0.6110722184011102 -67.419140625 0.1753857914632336 -0.5928051145990141 0.7860164885408354 -181.5944591039528 0 0 0 1 
Seq_Frame0050_ProbeToTrackerTransformStatus = OK
Seq_Frame0050_Timestamp = 4354.436542857144
Seq_Frame0050_ImageStatus = OK
Seq_Frame0051_ReferenceToTrackerTransform = -0.1068205316692508 0.9665604161982825 0.233131584845343 465.3907402082264 -0.7040301946232705 -0.2390977507504247 0.6687105133350362 -17.859375 0.7020903496506831 -0.09269966248423217 0.7060282667873086 -272.46708984375 0 0 0 1 
Seq_Frame0051_ReferenceToTrackerTransformStatus = OK
Seq_Frame0051_ProbeToTrackerTransform = 0.9189926278023859 0.3872407673326108 0.07414268784253748 252.5561347917736 -0.3470844947604477 0.7053574457814269 0.6180640963343412 -67.68478317697638 0.1870425180052651 -0.593730125390612 0.7826235587189399 -182.2080253644764 0 0 0 1 
Seq_Frame0051_ProbeToTrackerTransformStatus = OK
Seq_Frame0051_Timestamp = 4354.536814285714
Seq_Frame0051_ImageStatus = OK
Seq_Frame0052_ReferenceToTrackerTransform = -0.1073294587164418 0.966608217636975 0.232699249866229 465.4599609375 -0.7040417868586344 -0.2391512531602129 0.6686791760394524 -17.75644122485979 0.7020011037374064 -0.09206102165721297 0.7062005512904199 -272.35546875 0 0 0 1 
Seq_Frame0052_ReferenceToTrackerTransformStatus = OK
Seq_Frame0052_ProbeToTrackerTransform = 0.9219493162254373 0.3828439491533642 0.05865124813765771 251.7229410434696 -0.3331221344879898 0.7065634158388577 0.6243378756028594 -67.97724609375 0.1975831516744646 -0.5951459064756995 0.7789494516203241 -182.50048828125 0 0 0 1 
Seq_Frame0052_ProbeToTrackerTransformStatus = OK
Seq_Frame0052_Timestamp = 4354.637242857144
Seq_Frame0052_ImageStatus = OK
Seq_Frame0053_ReferenceToTrackerTransform = -0.107023880148243 0.9665926977879792 0.232904370205822 465.5278090533038 -0.7040926653298734 -0.239073814900355 0.668653295555825 -17.74775390625 0.7019967291281984 -0.09242438862089852 0.7061574361864098 -272.46708984375 0 0 0 1 
Seq_Frame0053_ReferenceToTrackerTransformStatus = OK
Seq_Frame0053_ProbeToTrackerTransform = 0.9254833606905943 0.377322737138698 0.03328815289264306 250.8563706341962 -0.3123717328229438 0.7105490107423325 0.6305109070161149 -68.20048828125 0.2142532371238166 -0.5939256311788991 0.7754662436307024 -183.1264418658038 0 0 0 1 
Seq_Frame0053_ProbeToTrackerTransformStatus = OK
Seq_Frame0053_Timestamp = 4354.737728571429
Seq_Frame0053_ImageStatus = OK
