ObjectType = Image
NDims = 3
AnatomicalOrientation = RAI
BinaryData = True
BinaryDataByteOrderMSB = False
CenterOfRotation = 0 0 0
CompressedData = False
DimSize = 1024 768 80                             
ElementNumberOfChannels = 1
ElementSpacing = 1 1 1
ElementType = MET_UCHAR
Offset = 0 0 0
TransformMatrix = 1 0 0 0 1 0 0 0 1
UltrasoundImageOrientation = MF
UltrasoundImageType = BRIGHTNESS
Seq_Frame0000_ReferenceToTrackerTransform = -0.1010256322469872 0.9680875145938767 0.2293477397240867 464.67861328125 -0.7054541321963346 -0.2322567299646042 0.6696202496589135 -17.30126953125 0.7015185592671182 -0.09414550161106917 0.7064052204862215 -272.5787109375 0 0 0 1 
Seq_Frame0000_ReferenceToTrackerTransformStatus = OK
Seq_Frame0000_ProbeToTrackerTransform = 0.9979723381490374 -0.01924792420851244 0.06066901765322176 239.9225646972662 -0.0579954764082495 -0.6677157629765621 0.7421537472712834 -58.20342407226625 0.02622474033281834 -0.7441674390124113 -0.6674781537310307 -189.2651916503896 0 0 0 1 
Seq_Frame0000_ProbeToTrackerTransformStatus = OK
Seq_Frame0000_Timestamp = 4327.953428571429
Seq_Frame0000_ImageStatus = OK
Seq_Frame0001_ReferenceToTrackerTransform = -0.1014678460880875 0.9680828701848184 0.2291720590843659 464.790234375 -0.7056014672888454 -0.2324235563944928 0.6694070957143825 -17.30126953125 0.7013065275399 -0.09378084499331398 0.7066642113070871 -272.2806711098608 0 0 0 1 
Seq_Frame0001_ReferenceToTrackerTransformStatus = OK
Seq_Frame0001_ProbeToTrackerTransform = 0.9967526783356736 -0.01641879490461843 0.07883223582102353 240.9519672197214 -0.06967299417632825 -0.666665344425223 0.7420936547531614 -60.08782115819285 0.04037043612802219 -0.7451763158583873 -0.6656444142111871 -187.2645225918071 0 0 0 1 
Seq_Frame0001_ProbeToTrackerTransformStatus = OK
Seq_Frame0001_Timestamp = 4328.053714285716
Seq_Frame0001_ImageStatus = OK
Seq_Frame0002_ReferenceToTrackerTransform = -0.1017223946267301 0.9679646459726677 0.2295582683730032 464.790234375 -0.7053543577488175 -0.2329010207469409 0.6695015642549209 -17.4273937739157 0.7015181996471345 -0.09381662263181823 0.7064493307250011 -272.46708984375 0 0 0 1 
Seq_Frame0002_ReferenceToTrackerTransformStatus = OK
Seq_Frame0002_ProbeToTrackerTransform = 0.9941367888797646 -0.01582611770006927 0.1069653167824698 241.5625500239157 -0.08998158903891344 -0.6696424894828892 0.7372124862705398 -62.34258290816281 0.05996130944086067 -0.7425149629991993 -0.6671402934109401 -185.4852515146686 0 0 0 1 
Seq_Frame0002_ProbeToTrackerTransformStatus = OK
Seq_Frame0002_Timestamp = 4328.153942857143
Seq_Frame0002_ImageStatus = OK
Seq_Frame0003_ReferenceToTrackerTransform = -0.1022801405380771 0.9680195937216386 0.2290782377758852 464.90185546875 -0.7052592062301746 -0.2329701800160471 0.6695777380191749 -17.5116469147322 0.7015327682147823 -0.09307503099265903 0.7065329530366011 -272.46708984375 0 0 0 1 
Seq_Frame0003_ReferenceToTrackerTransformStatus = OK
Seq_Frame0003_ProbeToTrackerTransform = 0.9917052958769616 -0.01820708838602065 0.1272364258461077 242.0932875397322 -0.1063286482458613 -0.6723782147580033 0.7325310606937077 -63.4995375397322 0.07221374309503917 -0.739983809452169 -0.6687369715043873 -184.6341538665178 0 0 0 1 
Seq_Frame0003_ProbeToTrackerTransformStatus = OK
Seq_Frame0003_Timestamp = 4328.254114285715
Seq_Frame0003_ImageStatus = OK
Seq_Frame0004_ReferenceToTrackerTransform = -0.1027374523105478 0.9680410275804103 0.2287828333022412 464.9421757413885 -0.7050285694224197 -0.2331148831506916 0.6697702348953821 -17.6361328125 0.7016977498830348 -0.09248794610489837 0.7064462100077991 -272.35546875 0 0 0 1 
Seq_Frame0004_ReferenceToTrackerTransformStatus = OK
Seq_Frame0004_ProbeToTrackerTransform = 0.9877328707774968 -0.02236042868323346 0.154543803546914 242.8471797273616 -0.1286825630701967 -0.6771930101347364 0.7244656133912361 -63.95888671874999 0.08845662183991632 -0.7354655928415395 -0.6717631932451444 -184.398046875 0 0 0 1 
Seq_Frame0004_ProbeToTrackerTransformStatus = OK
Seq_Frame0004_Timestamp = 4328.354414285715
Seq_Frame0004_ImageStatus = OK
Seq_Frame0005_ReferenceToTrackerTransform = -0.1024802362499783 0.9680313989586611 0.2289388822552567 464.90185546875 -0.7052539408392501 -0.2330138852875761 0.6695680758473303 -17.47930099663581 0.7015088596082423 -0.09284255432357508 0.7065872769855242 -272.4006794721142 0 0 0 1 
Seq_Frame0005_ReferenceToTrackerTransformStatus = OK
Seq_Frame0005_ProbeToTrackerTransform = 0.9827335091932996 -0.02587735732658526 0.1832081119558176 243.3791950971142 -0.1515460406018366 -0.680655871234 0.7167575479425319 -63.69043380913581 0.1061538858757873 -0.732146124303391 -0.6728249439348943 -184.4432575971142 0 0 0 1 
Seq_Frame0005_ProbeToTrackerTransformStatus = OK
Seq_Frame0005_Timestamp = 4328.454642857143
Seq_Frame0005_ImageStatus = OK
Seq_Frame0006_ReferenceToTrackerTransform = -0.10281409910278 0.9680229723342947 0.2288247933654942 465.0134765625 -0.7052619025427575 -0.2331665369439418 0.6695065458017117 -17.412890625 0.7014520011001849 -0.09254669676788466 0.7066825306103861 -272.35546875 0 0 0 1 
Seq_Frame0006_ReferenceToTrackerTransformStatus = OK
Seq_Frame0006_ProbeToTrackerTransform = 0.979891784038963 -0.02692889075756049 0.1977041385897269 243.6901992745915 -0.1626583451184698 -0.6816779961611021 0.7133423948659614 -62.93294525665849 0.1155610416025198 -0.7311565799419107 -0.6723508766049086 -184.95615234375 0 0 0 1 
Seq_Frame0006_ProbeToTrackerTransformStatus = OK
Seq_Frame0006_Timestamp = 4328.555085714286
Seq_Frame0006_ImageStatus = OK
Seq_Frame0007_ReferenceToTrackerTransform = -0.1041302022652202 0.9679379440377373 0.2285892330539709 465.0134765625 -0.7049223107152537 -0.233965159501899 0.669585573317644 -17.6361328125 0.7015991995662991 -0.0914135691855931 0.7066838915220008 -272.24384765625 0 0 0 1 
Seq_Frame0007_ReferenceToTrackerTransformStatus = OK
Seq_Frame0007_ProbeToTrackerTransform = 0.9787226431162691 -0.02687675338184941 0.2034198318236341 243.66884765625 -0.1667115721718999 -0.6821212440547669 0.7119816431012465 -62.7310546875 0.1196212337149126 -0.7307449955605777 -0.6720881727182037 -185.17939453125 0 0 0 1 
Seq_Frame0007_ProbeToTrackerTransformStatus = OK
Seq_Frame0007_Timestamp = 4328.655642857144
Seq_Frame0007_ImageStatus = OK
Seq_Frame0008_ReferenceToTrackerTransform = -0.1034980504478701 0.967945183896912 0.2288455254626226 465.0134765625001 -0.7050098738040133 -0.2336905651276883 0.6695892753092386 -17.45058538887037 0.701604754396904 -0.09203717043170823 0.706597429847141 -272.5047846076204 0 0 0 1 
Seq_Frame0008_ReferenceToTrackerTransformStatus = OK
Seq_Frame0008_ProbeToTrackerTransform = 0.978053373495946 -0.02788650741853503 0.20647988109546 243.2962896111296 -0.1695949052567745 -0.6822289115286165 0.7111970756305351 -62.80498101737962 0.1210337420067025 -0.7306066349127109 -0.6719856980006196 -185.0300786736296 0 0 0 1 
Seq_Frame0008_ProbeToTrackerTransformStatus = OK
Seq_Frame0008_Timestamp = 4328.756014285715
Seq_Frame0008_ImageStatus = OK
Seq_Frame0009_ReferenceToTrackerTransform = -0.103792460788262 0.9679419568845848 0.2287258034983321 465.12509765625 -0.7050952371403447 -0.2338017041942687 0.669460581123233 -17.40596391201123 0.7014754676006271 -0.09178851354225205 0.706758117842438 -272.3623954629887 0 0 0 1 
Seq_Frame0009_ReferenceToTrackerTransformStatus = OK
Seq_Frame0009_ProbeToTrackerTransform = 0.9769228235829287 -0.02897416126955373 0.2116182760100923 243.2154365682612 -0.1741983976720296 -0.6813976547613827 0.7108812519219966 -62.61943359375 0.1235990089412336 -0.7313396844588797 -0.6707201733393229 -184.84453125 0 0 0 1 
Seq_Frame0009_ProbeToTrackerTransformStatus = OK
Seq_Frame0009_Timestamp = 4328.859471428572
Seq_Frame0009_ImageStatus = OK
Seq_Frame0010_ReferenceToTrackerTransform = -0.103994073878881 0.9678312371498364 0.2291024421412637 465.167947460012 -0.7052759810679845 -0.2341789775729439 0.6691382495355369 -17.30126953125 0.7012638755323603 -0.09199403708886714 0.7069413511836936 -272.46708984375 0 0 0 1 
Seq_Frame0010_ReferenceToTrackerTransformStatus = OK
Seq_Frame0010_ProbeToTrackerTransform = 0.9745762878359668 -0.02949187159830542 0.2221064805391675 243.22236328125 -0.1819021764701176 -0.6829175633181388 0.7074851234528187 -62.5078125 0.1308153560683942 -0.7298998775320111 -0.6709198993884846 -185.024923633738 0 0 0 1 
Seq_Frame0010_ProbeToTrackerTransformStatus = OK
Seq_Frame0010_Timestamp = 4328.960242857143
Seq_Frame0010_ImageStatus = OK
Seq_Frame0011_ReferenceToTrackerTransform = -0.1039341989667566 0.967681070100138 0.2297629840835776 465.12509765625 -0.7051658505342761 -0.2346084455557467 0.66910387871704 -17.35711974446465 0.7013834939071562 -0.09247823443258393 0.7067594857027547 -272.6345611507146 0 0 0 1 
Seq_Frame0011_ReferenceToTrackerTransformStatus = OK
Seq_Frame0011_ProbeToTrackerTransform = 0.9717178978827067 -0.02985117697236551 0.2342503664197323 243.22236328125 -0.1904220920206948 -0.6857070259184542 0.7025277940953872 -62.5078125 0.1396558405684359 -0.7272652761128041 -0.6719981133572406 -185.2352447444646 0 0 0 1 
Seq_Frame0011_ProbeToTrackerTransformStatus = OK
Seq_Frame0011_Timestamp = 4329.060799999999
Seq_Frame0011_ImageStatus = OK
Seq_Frame0012_ReferenceToTrackerTransform = -0.1048197212294925 0.9675747079891192 0.2298086388740476 465.0134765625 -0.7047797312278167 -0.2353076473920061 0.6692651503920445 -17.52451171875 0.7016397626216875 -0.09181228424677326 0.7065919246422023 -272.3989525771738 0 0 0 1 
Seq_Frame0012_ReferenceToTrackerTransformStatus = OK
Seq_Frame0012_ProbeToTrackerTransform = 0.9692466302314824 -0.03279504946775563 0.2438964011938759 243.2658471084237 -0.1987545980222359 -0.6887287160944017 0.6972441218052516 -62.43967523342375 0.1451122997885982 -0.724277046686808 -0.674066154092237 -185.7809838271737 0 0 0 1 
Seq_Frame0012_ProbeToTrackerTransformStatus = OK
Seq_Frame0012_Timestamp = 4329.161128571429
Seq_Frame0012_ImageStatus = OK
Seq_Frame0013_ReferenceToTrackerTransform = -0.1051413054567317 0.9674434594983478 0.230213940847905 465.12509765625 -0.7047160522741998 -0.2358203205038955 0.6691517481890839 -17.6361328125 0.7016556075126326 -0.09187997121956741 0.7065673919271749 -272.46708984375 0 0 0 1 
Seq_Frame0013_ReferenceToTrackerTransformStatus = OK
Seq_Frame0013_ProbeToTrackerTransform = 0.967102409295812 -0.03707867262857214 0.2516706219850437 243.1107421875 -0.205854606397654 -0.6953039972687277 0.6886045544483394 -62.954296875 0.149455046616374 -0.7177586804896422 -0.6800629865112975 -186.090966796883 0 0 0 1 
Seq_Frame0013_ProbeToTrackerTransformStatus = OK
Seq_Frame0013_Timestamp = 4329.261500000001
Seq_Frame0013_ImageStatus = OK
Seq_Frame0014_ReferenceToTrackerTransform = -0.1049954841477221 0.9675856270130693 0.2296823952903468 465.12509765625 -0.704923111476082 -0.2353240365572088 0.6691083654575698 -17.41820591517466 0.7014694257168055 -0.09165507196084217 0.7067814319635088 -272.35546875 0 0 0 1 
Seq_Frame0014_ReferenceToTrackerTransformStatus = OK
Seq_Frame0014_ProbeToTrackerTransform = 0.9641398044787387 -0.0394451110786607 0.2624471768407713 243.1107421875 -0.2144601317015288 -0.6983271336084718 0.6828953553632785 -63.17222377232534 0.1563371015794455 -0.7146910505093567 -0.6817443897763812 -186.0776785714246 0 0 0 1 
Seq_Frame0014_ProbeToTrackerTransformStatus = OK
Seq_Frame0014_Timestamp = 4329.362000000001
Seq_Frame0014_ImageStatus = OK
Seq_Frame0015_ReferenceToTrackerTransform = -0.1050904167076712 0.9675970592611417 0.2295907995225384 465.12509765625 -0.7046479685489094 -0.2353627192034465 0.669384516424644 -17.71821607939967 0.701731604487145 -0.09143479271234775 0.7065496684208033 -272.35546875 0 0 0 1 
Seq_Frame0015_ReferenceToTrackerTransformStatus = OK
Seq_Frame0015_ProbeToTrackerTransform = 0.9611177007944431 -0.04060970298987243 0.2731366274278818 243.4160676418997 -0.2220291751583362 -0.7017468871825322 0.6769448660770943 -63.59448561064967 0.1641822481211414 -0.7112679933419615 -0.6834778936067992 -186.07236328125 0 0 0 1 
Seq_Frame0015_ProbeToTrackerTransformStatus = OK
Seq_Frame0015_Timestamp = 4329.462442857142
Seq_Frame0015_ImageStatus = OK
Seq_Frame0016_ReferenceToTrackerTransform = -0.1048570417903823 0.967753062723079 0.2290393205916189 465.0134765625 -0.7049447615957984 -0.2347800262795404 0.669276641127435 -17.52451171875 0.7014683769676384 -0.09128170052249637 0.7068307911120654 -272.24384765625 0 0 0 1 
Seq_Frame0016_ReferenceToTrackerTransformStatus = OK
Seq_Frame0016_ProbeToTrackerTransform = 0.9575597329156511 -0.04024038093504007 0.2854121049302386 243.9482041214978 -0.2298746788612673 -0.7039939295043832 0.671974835272428 -63.62402343749999 0.1738878659278327 -0.7090650597534618 -0.6833664837551544 -186.29560546875 0 0 0 1 
Seq_Frame0016_ProbeToTrackerTransformStatus = OK
Seq_Frame0016_Timestamp = 4329.562557142858
Seq_Frame0016_ImageStatus = OK
Seq_Frame0017_ReferenceToTrackerTransform = -0.1038882111524137 0.9677840627082198 0.2293496185990369 465.0134765625 -0.7049623841419531 -0.2343173058480031 0.6694202246160678 -17.52451171875 0.7015948093653806 -0.0921379842850145 0.7065941659279743 -272.46708984375 0 0 0 1 
Seq_Frame0017_ReferenceToTrackerTransformStatus = OK
Seq_Frame0017_ProbeToTrackerTransform = 0.9540751131229732 -0.03858143305703014 0.2970726368123659 244.5922654257007 -0.2368089937306512 -0.7044911851546352 0.6690393639597702 -63.62402343749999 0.1834725565518242 -0.7086632790420874 -0.6812739375094677 -186.51884765625 0 0 0 1 
Seq_Frame0017_ProbeToTrackerTransformStatus = OK
Seq_Frame0017_Timestamp = 4329.662728571429
Seq_Frame0017_ImageStatus = OK
Seq_Frame0018_ReferenceToTrackerTransform = -0.1041539544288316 0.9677605433296276 0.2293283335115422 465.0134765625 -0.7048889707059559 -0.234497336727358 0.66943449122739 -17.6361328125 0.7016291703983917 -0.09192676347027742 0.7065875582006413 -272.35546875 0 0 0 1 
Seq_Frame0018_ReferenceToTrackerTransformStatus = OK
Seq_Frame0018_ProbeToTrackerTransform = 0.9508216684793975 -0.03873355707528181 0.3073074459012511 245.1254649633164 -0.2439562303648336 -0.7049755044515923 0.6659541243880116 -63.51240234375 0.1908494496094625 -0.7081731777464596 -0.6797552779524749 -186.63046875 0 0 0 1 
Seq_Frame0018_ProbeToTrackerTransformStatus = OK
Seq_Frame0018_Timestamp = 4329.763042857143
Seq_Frame0018_ImageStatus = OK
Seq_Frame0019_ReferenceToTrackerTransform = -0.1038879749907053 0.9678303511543996 0.2291543148986774 465.0134765625 -0.7051437076660848 -0.2341582607277976 0.6692848873774604 -17.52451171875 0.7014126033878047 -0.09205607159380824 0.7067857097391388 -272.2634382971999 0 0 0 1 
Seq_Frame0019_ReferenceToTrackerTransformStatus = OK
Seq_Frame0019_ProbeToTrackerTransform = 0.947314471632182 -0.0397566899639077 0.3178280941631084 245.6584367028001 -0.2519577916209204 -0.7051570110011933 0.6627751210458731 -63.30875079719991 0.1977689638890512 -0.7079357283249494 -0.6780224490997879 -186.8341202965501 0 0 0 1 
Seq_Frame0019_ProbeToTrackerTransformStatus = OK
Seq_Frame0019_Timestamp = 4329.863314285714
Seq_Frame0019_ImageStatus = OK
Seq_Frame0020_ReferenceToTrackerTransform = -0.1033394305164269 0.9678560340428735 0.22929382780036 464.9457445790918 -0.7052493823862429 -0.2338585993252369 0.6692783159235486 -17.412890625 0.7013873899239732 -0.09254649041664873 0.7067466847231743 -272.5348218271583 0 0 0 1 
Seq_Frame0020_ReferenceToTrackerTransformStatus = OK
Seq_Frame0020_ProbeToTrackerTransform = 0.94434242976229 -0.04023840416395662 0.3264938685197502 246.4154858896583 -0.2586057682647796 -0.7042360996043174 0.6611917820377694 -63.06591796875 0.2033234663555512 -0.7088246516906956 -0.6754459128492281 -186.8537109375 0 0 0 1 
Seq_Frame0020_ProbeToTrackerTransformStatus = OK
Seq_Frame0020_Timestamp = 4329.963742857142
Seq_Frame0020_ImageStatus = OK
Seq_Frame0021_ReferenceToTrackerTransform = -0.1035171849937722 0.9677561024556861 0.229635185829056 464.790234375 -0.7050022185630748 -0.2342511368874372 0.6694014316447836 -17.52451171875 0.7016096238166263 -0.09259876363495934 0.7065192175313914 -272.35546875 0 0 0 1 
Seq_Frame0021_ReferenceToTrackerTransformStatus = OK
Seq_Frame0021_ProbeToTrackerTransform = 0.9412863147379144 -0.04166710976019276 0.3350282460500125 247.060762117348 -0.2658350794806129 -0.7031981811798658 0.6594270456258715 -63.06591796875 0.2081148341773165 -0.7097719140326426 -0.6729874039280285 -186.63046875 0 0 0 1 
Seq_Frame0021_ProbeToTrackerTransformStatus = OK
Seq_Frame0021_Timestamp = 4330.064142857144
Seq_Frame0021_ImageStatus = OK
Seq_Frame0022_ReferenceToTrackerTransform = -0.1030899709935738 0.967790655917845 0.2296817454623936 464.790234375 -0.7051603381627718 -0.2339648452171351 0.6693350048254518 -17.412890625 0.7015136173751082 -0.09296073106763771 0.7065670153047486 -272.4477074575384 0 0 0 1 
Seq_Frame0022_ReferenceToTrackerTransformStatus = OK
Seq_Frame0022_ProbeToTrackerTransform = 0.9369380956916762 -0.04217041486397798 0.3469418697013307 247.5949683237116 -0.2742971181937474 -0.703901033416772 0.6551980052666567 -62.84267578124999 0.2165827689181679 -0.709045126395352 -0.6710789170751373 -186.8730933237116 0 0 0 1 
Seq_Frame0022_ProbeToTrackerTransformStatus = OK
Seq_Frame0022_Timestamp = 4330.164614285714
Seq_Frame0022_ImageStatus = OK
Seq_Frame0023_ReferenceToTrackerTransform = -0.1031946500404726 0.9680045966720935 0.2287312069323339 464.90185546875 -0.7054279244135466 -0.2333451498600535 0.6692693661705912 -17.30126953125 0.7012291406242471 -0.09228836253009863 0.706937444531617 -272.35409354145 0 0 0 1 
Seq_Frame0023_ReferenceToTrackerTransformStatus = OK
Seq_Frame0023_ProbeToTrackerTransform = 0.9314836649643969 -0.04309714578773452 0.3612212866505049 248.24393729145 -0.2844245332614262 -0.7053527443417689 0.6492920690479401 -62.84267578124999 0.2268057908950195 -0.7075451519687531 -0.6692824449677421 -187.076953125 0 0 0 1 
Seq_Frame0023_ProbeToTrackerTransformStatus = OK
Seq_Frame0023_Timestamp = 4330.264957142857
Seq_Frame0023_ImageStatus = OK
Seq_Frame0024_ReferenceToTrackerTransform = -0.1038792503066769 0.967705965312196 0.2296829685782426 464.90185546875 -0.7049497644864678 -0.2345433007444521 0.6693543677502757 -17.52451171875 0.7016088161548403 -0.09238292469438657 0.7065482745847698 -272.35546875 0 0 0 1 
Seq_Frame0024_ReferenceToTrackerTransformStatus = OK
Seq_Frame0024_ProbeToTrackerTransform = 0.9270899430391875 -0.04515799660585199 0.3721088454446378 248.58017578125 -0.2927560925084574 -0.7071909903086658 0.6435641176490714 -62.954296875 0.2340899566721628 -0.7055789527535484 -0.6688499335549272 -187.18857421875 0 0 0 1 
Seq_Frame0024_ProbeToTrackerTransformStatus = OK
Seq_Frame0024_Timestamp = 4330.365271428572
Seq_Frame0024_ImageStatus = OK
Seq_Frame0025_ReferenceToTrackerTransform = -0.1032547691194617 0.9678238399494566 0.2294677918130881 464.8610723015761 -0.7051067600299862 -0.2339387558859871 0.6694005642771238 -17.412890625 0.7015432343156777 -0.09268049050369021 0.7065744242936431 -272.3962519171739 0 0 0 1 
Seq_Frame0025_ReferenceToTrackerTransformStatus = OK
Seq_Frame0025_ProbeToTrackerTransform = 0.9232734355870631 -0.04680533780825578 0.381281291819985 249.02666015625 -0.2997359532756529 -0.7085580681440147 0.6388300418593019 -63.06591796875 0.2402592796401361 -0.7040985189735005 -0.6682220844346033 -187.18857421875 0 0 0 1 
Seq_Frame0025_ProbeToTrackerTransformStatus = OK
Seq_Frame0025_Timestamp = 4330.465842857144
Seq_Frame0025_ImageStatus = OK
Seq_Frame0026_ReferenceToTrackerTransform = -0.1034738841426106 0.9678188038742251 0.2293903183831121 464.90185546875 -0.7050160391705297 -0.2340497747246796 0.6694573081710474 -17.412890625 0.7016021235805516 -0.09245250574641359 0.7065458190156315 -272.3073456062773 0 0 0 1 
Seq_Frame0026_ReferenceToTrackerTransformStatus = OK
Seq_Frame0026_ProbeToTrackerTransform = 0.9190921350085602 -0.04712638725547281 0.391214456519252 249.24990234375 -0.3060309474590394 -0.7107875579857793 0.6333451717743925 -63.1775390625 0.248223098366629 -0.7018262969117497 -0.6677013871487847 -187.2366973624727 0 0 0 1 
Seq_Frame0026_ProbeToTrackerTransformStatus = OK
Seq_Frame0026_Timestamp = 4330.566371428571
Seq_Frame0026_ImageStatus = OK
Seq_Frame0027_ReferenceToTrackerTransform = -0.103242130812162 0.9677838977148747 0.2296418728132338 464.790234375 -0.7051692431074588 -0.2340420871618343 0.6692986179667386 -17.412890625 0.7014822884439907 -0.09283657016896608 0.706614442421498 -272.35546875 0 0 0 1 
Seq_Frame0027_ReferenceToTrackerTransformStatus = OK
Seq_Frame0027_ProbeToTrackerTransform = 0.9147138472956592 -0.0476176838654916 0.4012868472163766 249.5043159249829 -0.3128323592715063 -0.7120438265771687 0.6285932739267628 -63.28916015625001 0.2558016664492175 -0.700518483137047 -0.6662127004382116 -187.3313667062329 0 0 0 1 
Seq_Frame0027_ProbeToTrackerTransformStatus = OK
Seq_Frame0027_Timestamp = 4330.667057142857
Seq_Frame0027_ImageStatus = OK
Seq_Frame0028_ReferenceToTrackerTransform = -0.1037816686607641 0.9678388531958949 0.2291665758666435 464.890731455313 -0.7048390642668274 -0.2341326481074936 0.6696146627528669 -17.6361328125 0.7017344645472746 -0.09203182783487061 0.7064693085562331 -272.344344736563 0 0 0 1 
Seq_Frame0028_ReferenceToTrackerTransformStatus = OK
Seq_Frame0028_ProbeToTrackerTransform = 0.910488609389653 -0.05091314200812333 0.410388040935109 249.819131825937 -0.3209294014438573 -0.7128493199767221 0.6235785165459219 -63.52352635718703 0.2607964943410542 -0.6994667247121806 -0.6653807102402585 -187.41181640625 0 0 0 1 
Seq_Frame0028_ProbeToTrackerTransformStatus = OK
Seq_Frame0028_Timestamp = 4330.767614285714
Seq_Frame0028_ImageStatus = OK
Seq_Frame0029_ReferenceToTrackerTransform = -0.1034383024261756 0.9679451844137267 0.2288725356207421 464.8905645366615 -0.7051967145778332 -0.2336430880368561 0.6694090686278698 -17.42418155708845 0.7014257703704798 -0.09215762248929128 0.706759408340137 -272.3441778179115 0 0 0 1 
Seq_Frame0029_ReferenceToTrackerTransformStatus = OK
Seq_Frame0029_ProbeToTrackerTransform = 0.9072175871335381 -0.05231014307196612 0.417396572251608 250.3548223491615 -0.3266360237509278 -0.7128472432248273 0.6206107603119262 -63.94759578666155 0.2650757581971328 -0.6993657532068281 -0.6637939331280912 -187.3001953125 0 0 0 1 
Seq_Frame0029_ProbeToTrackerTransformStatus = OK
Seq_Frame0029_Timestamp = 4330.868328571429
Seq_Frame0029_ImageStatus = OK
Seq_Frame0030_ReferenceToTrackerTransform = -0.1035407200059093 0.967989804553628 0.228637393225358 464.90185546875 -0.7051060518832621 -0.2335637187909955 0.6695322582685015 -17.52451171875 0.7015017996400697 -0.09188975756171007 0.7067188249629365 -272.35546875 0 0 0 1 
Seq_Frame0030_ReferenceToTrackerTransformStatus = OK
Seq_Frame0030_ProbeToTrackerTransform = 0.9038145048742275 -0.05228452362223127 0.4247183412198623 250.7009765625 -0.3311035809120198 -0.7141973152806258 0.6166786955564332 -64.18212890625 0.2710899472245193 -0.6979889135477317 -0.6628134858904612 -187.41181640625 0 0 0 1 
Seq_Frame0030_ProbeToTrackerTransformStatus = OK
Seq_Frame0030_Timestamp = 4330.9691
Seq_Frame0030_ImageStatus = OK
Seq_Frame0031_ReferenceToTrackerTransform = -0.1036464170827708 0.9679347135616203 0.2288226617017825 464.90185546875 -0.7053258567336936 -0.2337366818067099 0.6692403151341603 -17.30126953125 0.7012651824016258 -0.09203017907389381 0.7069353507152133 -272.24384765625 0 0 0 1 
Seq_Frame0031_ReferenceToTrackerTransformStatus = OK
Seq_Frame0031_ProbeToTrackerTransform = 0.8997777752220391 -0.05361562986658681 0.433041937288396 250.81259765625 -0.3376317837555424 -0.7142174206147324 0.6131054189032171 -64.0705078125 0.2764140622590113 -0.6978673515249498 -0.6607393024945798 -187.3001953125 0 0 0 1 
Seq_Frame0031_ProbeToTrackerTransformStatus = OK
Seq_Frame0031_Timestamp = 4331.069728571431
Seq_Frame0031_ImageStatus = OK
Seq_Frame0032_ReferenceToTrackerTransform = -0.1035236226927032 0.9679592843673511 0.2287743065810156 464.790234375 -0.7054718247422809 -0.2335984893773581 0.6691347026237788 -17.30126953125 0.7011364803227511 -0.09212257903284075 0.7070509644947547 -272.35546875 0 0 0 1 
Seq_Frame0032_ReferenceToTrackerTransformStatus = OK
Seq_Frame0032_ProbeToTrackerTransform = 0.8944376873368548 -0.05474881986183349 0.4438285594632633 251.03583984375 -0.3450846822805241 -0.715740647790876 0.607150629708351 -64.21114426601186 0.2844253602034261 -0.6962168425308554 -0.6590783888503079 -187.5234375 0 0 0 1 
Seq_Frame0032_ProbeToTrackerTransformStatus = OK
Seq_Frame0032_Timestamp = 4331.170214285714
Seq_Frame0032_ImageStatus = OK
Seq_Frame0033_ReferenceToTrackerTransform = -0.1040391031035463 0.9676660494363946 0.2297787670642592 464.67861328125 -0.7050454194460912 -0.2347083164180724 0.669195758147255 -17.52451171875 0.7014890031522199 -0.09238194072628818 0.7066673584397043 -272.46708984375 0 0 0 1 
Seq_Frame0033_ReferenceToTrackerTransformStatus = OK
Seq_Frame0033_ProbeToTrackerTransform = 0.8891282043611541 -0.05650151832900567 0.4541570374177051 251.1474609375 -0.3525391707268148 -0.7173470115003978 0.6009404281579813 -64.39598668189454 0.2918341469272564 -0.6944212291671138 -0.6577324586557024 -187.63505859375 0 0 0 1 
Seq_Frame0033_ProbeToTrackerTransformStatus = OK
Seq_Frame0033_Timestamp = 4331.270842857144
Seq_Frame0033_ImageStatus = OK
Seq_Frame0034_ReferenceToTrackerTransform = -0.1037541194475915 0.9677744962373153 0.2294506638261605 464.790234375 -0.7052868493180836 -0.2342510715723973 0.669101558544108 -17.30970690934149 0.7012884876259026 -0.09240649273614063 0.7068631389622604 -272.5787109375 0 0 0 1 
Seq_Frame0034_ReferenceToTrackerTransformStatus = OK
Seq_Frame0034_ProbeToTrackerTransform = 0.8822059597405829 -0.05715575650018839 0.4673819252999502 251.370703125 -0.3611898808136705 -0.7189520302704804 0.5938432858656908 -64.29375 0.3020836218599141 -0.692705707836196 -0.654907846750328 -187.9614844969085 0 0 0 1 
Seq_Frame0034_ProbeToTrackerTransformStatus = OK
Seq_Frame0034_Timestamp = 4331.371614285716
Seq_Frame0034_ImageStatus = OK
Seq_Frame0035_ReferenceToTrackerTransform = -0.1044177751700281 0.9677354265903473 0.2293143526919761 464.90185546875 -0.7051281805838998 -0.2346401567630468 0.6691324575752189 -17.38937128678898 0.7013495399406639 -0.09182668978141025 0.7068781237729797 -272.378988088211 0 0 0 1 
Seq_Frame0035_ReferenceToTrackerTransformStatus = OK
Seq_Frame0035_ProbeToTrackerTransform = 0.8747732104727108 -0.05627215759221484 0.4812538566278545 251.682047068039 -0.3692390536583295 -0.720553720109128 0.5869112860478982 -64.18212890625 0.3137424923289287 -0.6911119885494779 -0.6510989692745788 -188.1931640625 0 0 0 1 
Seq_Frame0035_ProbeToTrackerTransformStatus = OK
Seq_Frame0035_Timestamp = 4331.472428571429
Seq_Frame0035_ImageStatus = OK
Seq_Frame0036_ReferenceToTrackerTransform = -0.1048106959971088 0.9675195728340945 0.2300447656164615 464.790234375 -0.7049260939457166 -0.2354454896720679 0.6690624959355551 -17.56862681314566 0.7014940627539454 -0.0920396521941019 0.7067069989358762 -272.3995838443956 0 0 0 1 
Seq_Frame0036_ReferenceToTrackerTransformStatus = OK
Seq_Frame0036_ProbeToTrackerTransform = 0.8671336690813473 -0.05746218253866376 0.4947497322115637 251.9963145931043 -0.3788460695636357 -0.7209550710404047 0.5802580814752258 -64.13801381185434 0.3233494325365449 -0.6905953106697281 -0.6469337379973903 -188.41640625 0 0 0 1 
Seq_Frame0036_ProbeToTrackerTransformStatus = OK
Seq_Frame0036_Timestamp = 4331.57317142857
Seq_Frame0036_ImageStatus = OK
Seq_Frame0037_ReferenceToTrackerTransform = -0.1048967352729487 0.9675180277498862 0.2300120451368737 464.790234375 -0.7048115496180439 -0.2354978159777298 0.6691647466765793 -17.6361328125 0.7015962902225811 -0.09192194867761255 0.7066208324817644 -272.5333057468214 0 0 0 1 
Seq_Frame0037_ReferenceToTrackerTransformStatus = OK
Seq_Frame0037_ProbeToTrackerTransform = 0.8597714249810464 -0.06047902189530467 0.5070851848522571 252.1974559719286 -0.3887960709198888 -0.7213199245862725 0.5731798859277172 -64.18212890625 0.3311052884254755 -0.6899564147867904 -0.643684265514733 -188.52802734375 0 0 0 1 
Seq_Frame0037_ProbeToTrackerTransformStatus = OK
Seq_Frame0037_Timestamp = 4331.674014285714
Seq_Frame0037_ImageStatus = OK
Seq_Frame0038_ReferenceToTrackerTransform = -0.1050710294912051 0.9675867164540239 0.2296432557324051 464.9219017060001 -0.7047246020910496 -0.2353755116642569 0.6692993379022583 -17.6361328125 0.7016575475039589 -0.09151128154774013 0.70661331106923 -272.46708984375 0 0 0 1 
Seq_Frame0038_ReferenceToTrackerTransformStatus = OK
Seq_Frame0038_ProbeToTrackerTransform = 0.8521029336084093 -0.06313652816619525 0.5195520853072019 252.5069602997501 -0.3984954713951484 -0.7218174573994556 0.565845312316841 -64.29375 0.3392962567042278 -0.6891976037425727 -0.6402223935336802 -188.6396484375 0 0 0 1 
Seq_Frame0038_ProbeToTrackerTransformStatus = OK
Seq_Frame0038_Timestamp = 4331.774771428572
Seq_Frame0038_ImageStatus = OK
Seq_Frame0039_ReferenceToTrackerTransform = -0.105275163667237 0.9675493470688162 0.2297072068994439 464.90185546875 -0.7047569168648241 -0.2355577395889908 0.6692011950459389 -17.52451171875 0.7015944897489034 -0.09143747758131057 0.706685474343108 -272.35546875 0 0 0 1 
Seq_Frame0039_ReferenceToTrackerTransformStatus = OK
Seq_Frame0039_ProbeToTrackerTransform = 0.8429753780638152 -0.0644177530104865 0.5340813281469848 252.8183603714857 -0.4081194257502773 -0.7233871054542465 0.5569107917681169 -64.29375 0.3504726042124139 -0.6874310501858399 -0.6360876550735455 -188.862890625 0 0 0 1 
Seq_Frame0039_ProbeToTrackerTransformStatus = OK
Seq_Frame0039_Timestamp = 4331.875357142857
Seq_Frame0039_ImageStatus = OK
Seq_Frame0040_ReferenceToTrackerTransform = -0.1056685838087581 0.9674716982578137 0.2298535696176883 464.9872038424779 -0.7046943959480188 -0.2359411916597995 0.6691319469264719 -17.6361328125 0.7015981461743671 -0.09127029718531529 0.7067034555854355 -272.35546875 0 0 0 1 
Seq_Frame0040_ReferenceToTrackerTransformStatus = OK
Seq_Frame0040_ProbeToTrackerTransform = 0.8341211872013963 -0.06504385624575368 0.5477327284601634 253.04501953125 -0.4166095260372614 -0.7250986443612143 0.5483324345326817 -64.40537109374999 0.3614946028321057 -0.685566373672317 -0.6319180321948783 -189.0598600924779 0 0 0 1 
Seq_Frame0040_ProbeToTrackerTransformStatus = OK
Seq_Frame0040_Timestamp = 4331.976057142857
Seq_Frame0040_ImageStatus = OK
Seq_Frame0041_ReferenceToTrackerTransform = -0.1055425424426814 0.9674307700156325 0.2300836303644723 464.90185546875 -0.7047579578091425 -0.2360042123208619 0.6690427734244624 -17.6361328125 0.7015532714195137 -0.09154079415085845 0.7067130183934696 -272.35546875 0 0 0 1 
Seq_Frame0041_ReferenceToTrackerTransformStatus = OK
Seq_Frame0041_ProbeToTrackerTransform = 0.825352943001349 -0.06655381453712768 0.5606809335527381 253.5540724649203 -0.4250441494044867 -0.7268979737398535 0.5394041219993704 -64.62861328125 0.3716584326179466 -0.683512930048476 -0.6282356913774626 -189.19775390625 0 0 0 1 
Seq_Frame0041_ProbeToTrackerTransformStatus = OK
Seq_Frame0041_Timestamp = 4332.076771428571
Seq_Frame0041_ImageStatus = OK
Seq_Frame0042_ReferenceToTrackerTransform = -0.1059895610916765 0.9674929047322193 0.229616402359254 465.0134765625 -0.7048642893036968 -0.2359787735594341 0.6689397223171756 -17.5648319913902 0.7013790320532746 -0.09094777469624188 0.7069624853369616 -272.35546875 0 0 0 1 
Seq_Frame0042_ReferenceToTrackerTransformStatus = OK
Seq_Frame0042_ProbeToTrackerTransform = 0.815538190012701 -0.06930304212701161 0.5745385530865174 254.2418710140304 -0.4349484094384224 -0.7282862992539538 0.5295459823716603 -64.96347656249999 0.381729409081608 -0.6817596018179151 -0.6240885382470056 -189.42099609375 0 0 0 1 
Seq_Frame0042_ProbeToTrackerTransformStatus = OK
Seq_Frame0042_Timestamp = 4332.177585714287
Seq_Frame0042_ImageStatus = OK
Seq_Frame0043_ReferenceToTrackerTransform = -0.1055295174266168 0.9675475828685403 0.2295979003321909 464.9954045759012 -0.7048121850821596 -0.2356521630532547 0.6691097382403233 -17.52451171875 0.7015007517539929 -0.09121257004145614 0.706807585100086 -272.46708984375 0 0 0 1 
Seq_Frame0043_ReferenceToTrackerTransformStatus = OK
Seq_Frame0043_ProbeToTrackerTransform = 0.8039024374167196 -0.0702458119427385 0.5905983381452764 254.9787220981977 -0.4454602993185391 -0.7290751780356163 0.5196292009725511 -64.96347656249999 0.3940888133993333 -0.6808192937019629 -0.6173970330967469 -189.5506891740988 0 0 0 1 
Seq_Frame0043_ProbeToTrackerTransformStatus = OK
Seq_Frame0043_Timestamp = 4332.278399999999
Seq_Frame0043_ImageStatus = OK
Seq_Frame0044_ReferenceToTrackerTransform = -0.1051012929368211 0.9675432487608794 0.2298124887821627 464.90185546875 -0.7049646920753616 -0.2354822853859417 0.6690088760222127 -17.52451171875 0.7014117914250507 -0.09169599253324585 0.7068333210900883 -272.4733163265336 0 0 0 1 
Seq_Frame0044_ReferenceToTrackerTransformStatus = OK
Seq_Frame0044_ProbeToTrackerTransform = 0.788725648999227 -0.07166016582041809 0.610554396630913 255.8293203922164 -0.4589594208155753 -0.7293965583329249 0.5072838561759244 -64.85185546875 0.4089842303260357 -0.6803274809433133 -0.6081828820494261 -189.755859375 0 0 0 1 
Seq_Frame0044_ProbeToTrackerTransformStatus = OK
Seq_Frame0044_Timestamp = 4332.378828571428
Seq_Frame0044_ImageStatus = OK
Seq_Frame0045_ReferenceToTrackerTransform = -0.1049660086280891 0.967597452546297 0.2296460469039357 464.90185546875 -0.7052112978403489 -0.2352406841005452 0.668833944968584 -17.412890625 0.7011841145027596 -0.09174415714269885 0.7070529309741647 -272.46708984375 0 0 0 1 
Seq_Frame0045_ReferenceToTrackerTransformStatus = OK
Seq_Frame0045_ProbeToTrackerTransform = 0.7721524098080282 -0.07668647853299562 0.6307930247219472 256.7806871863179 -0.4752638060274299 -0.728620648010321 0.4931898883526929 -64.96347656249999 0.4217878266474462 -0.6806108545293915 -0.5990524968554889 -189.755859375 0 0 0 1 
Seq_Frame0045_ProbeToTrackerTransformStatus = OK
Seq_Frame0045_Timestamp = 4332.479271428571
Seq_Frame0045_ImageStatus = OK
Seq_Frame0046_ReferenceToTrackerTransform = -0.1048753118710512 0.9676229714409125 0.2295799514326296 464.90185546875 -0.7051942425047999 -0.2351340108727746 0.6688894357582297 -17.57451980110749 0.7012148381901446 -0.09174847176242611 0.7070219010972914 -272.5787109375 0 0 0 1 
Seq_Frame0046_ReferenceToTrackerTransformStatus = OK
Seq_Frame0046_ProbeToTrackerTransform = 0.7523575134117218 -0.08040735279653344 0.6538293581884992 257.8063234091775 -0.4911182769300888 -0.729957722518412 0.4753572986722239 -65.18671875 0.4390455672002072 -0.6787461830109891 -0.5886786975675793 -190.1523356676425 0 0 0 1 
Seq_Frame0046_ProbeToTrackerTransformStatus = OK
Seq_Frame0046_Timestamp = 4332.579742857143
Seq_Frame0046_ImageStatus = OK
Seq_Frame0047_ReferenceToTrackerTransform = -0.1051273164856401 0.9675934912971037 0.2295889433923367 464.90185546875 -0.7046458852565467 -0.2353874092252597 0.6693780277012666 -17.70856858703261 0.701728169392925 -0.0914089884951237 0.7065564189098791 -272.46708984375 0 0 0 1 
Seq_Frame0047_ReferenceToTrackerTransformStatus = OK
Seq_Frame0047_ProbeToTrackerTransform = 0.7320032353286727 -0.08354701048549561 0.6761591236589889 259.1117439129674 -0.5046044173332844 -0.733306030918347 0.455671643869263 -65.56076735046739 0.4577615596313127 -0.6747459981783638 -0.5789405776642291 -190.53720703125 0 0 0 1 
Seq_Frame0047_ProbeToTrackerTransformStatus = OK
Seq_Frame0047_Timestamp = 4332.680142857143
Seq_Frame0047_ImageStatus = OK
Seq_Frame0048_ReferenceToTrackerTransform = -0.1046332287787282 0.967662060124483 0.2295256517929522 464.790234375 -0.7049291127845108 -0.2349624565853599 0.6692291012382945 -17.52451171875 0.7015175217941323 -0.09177571242444332 0.7067180379930915 -272.46708984375 0 0 0 1 
Seq_Frame0048_ReferenceToTrackerTransformStatus = OK
Seq_Frame0048_ProbeToTrackerTransform = 0.7140808211435006 -0.08721095619681023 0.6946098401219653 259.9980962382347 -0.5156007485677084 -0.7366792594306397 0.4375608949633676 -65.74482421875 0.473544558570197 -0.6705951967051079 -0.5710145647919982 -190.8720703125 0 0 0 1 
Seq_Frame0048_ProbeToTrackerTransformStatus = OK
Seq_Frame0048_Timestamp = 4332.780571428572
Seq_Frame0048_ImageStatus = OK
Seq_Frame0049_ReferenceToTrackerTransform = -0.1049646094378003 0.9675881357660664 0.2296859383817786 464.790234375 -0.7048145647549481 -0.2353191568714896 0.6692244195474223 -17.6361328125 0.7015831098842553 -0.09164111486685139 0.70667039416626 -272.35546875 0 0 0 1 
Seq_Frame0049_ReferenceToTrackerTransformStatus = OK
Seq_Frame0049_ProbeToTrackerTransform = 0.6960446345464418 -0.09143241564576933 0.7121530594530152 261.0692683497992 -0.5268166105378759 -0.7389456418430525 0.4200280910398055 -65.96806640625 0.4878382166051513 -0.6675323600922568 -0.5625072645301277 -191.0953125 0 0 0 1 
Seq_Frame0049_ProbeToTrackerTransformStatus = OK
Seq_Frame0049_Timestamp = 4332.880928571429
Seq_Frame0049_ImageStatus = OK
Seq_Frame0050_ReferenceToTrackerTransform = -0.1046163984641088 0.9676214177961756 0.229704595066181 464.7618535515723 -0.7050480840043317 -0.2350588928607245 0.6690698888224692 -17.6361328125 0.7014004622284047 -0.09195710254901322 0.7068106414567983 -272.46708984375 0 0 0 1 
Seq_Frame0050_ReferenceToTrackerTransformStatus = OK
Seq_Frame0050_ProbeToTrackerTransform = 0.6816350574228647 -0.09436953936062578 0.7255811729455163 261.9179453843946 -0.5356417836498331 -0.7399095014983848 0.4069665946989226 -66.27454886407233 0.4984591538938305 -0.6660542918060621 -0.5548965239269135 -191.0953125 0 0 0 1 
Seq_Frame0050_ProbeToTrackerTransformStatus = OK
Seq_Frame0050_Timestamp = 4332.981414285715
Seq_Frame0050_ImageStatus = OK
Seq_Frame0051_ReferenceToTrackerTransform = -0.1047073892947868 0.9676784494127945 0.2294227128449142 464.790234375 -0.7047349038219185 -0.2349682964176261 0.6694315611126429 -17.6361328125 0.7017015590421484 -0.09158776239568585 0.7065596958624021 -272.46708984375 0 0 0 1 
Seq_Frame0051_ReferenceToTrackerTransformStatus = OK
Seq_Frame0051_ProbeToTrackerTransform = 0.6681951036599381 -0.09767838963081899 0.7375460905218157 262.8229264596108 -0.5446771334665833 -0.7395197003620083 0.3955217226083937 -66.41455078125 0.5067959389374683 -0.6660101688229808 -0.5473466281077051 -191.0953125 0 0 0 1 
Seq_Frame0051_ProbeToTrackerTransformStatus = OK
Seq_Frame0051_Timestamp = 4333.081928571429
Seq_Frame0051_ImageStatus = OK
Seq_Frame0052_ReferenceToTrackerTransform = -0.1048117146213954 0.9676504390277509 0.2294932075847223 464.7660510150676 -0.704763561642527 -0.2350859944870954 0.669360065567818 -17.6361328125 0.7016572002474311 -0.09158167417892391 0.7066045359998208 -272.3796521099324 0 0 0 1 
Seq_Frame0052_ReferenceToTrackerTransformStatus = OK
Seq_Frame0052_ProbeToTrackerTransform = 0.653443880269617 -0.09988911046997094 0.7503554230814251 263.9355199988853 -0.5529562038729202 -0.7399478964414387 0.3830359606490485 -66.526171875 0.5169627955052819 -0.6652061907118783 -0.5387487279817523 -191.0953125 0 0 0 1 
Seq_Frame0052_ProbeToTrackerTransformStatus = OK
Seq_Frame0052_Timestamp = 4333.182271428572
Seq_Frame0052_ImageStatus = OK
Seq_Frame0053_ReferenceToTrackerTransform = -0.1043120463018373 0.9677593889256811 0.2292613402702592 464.790234375 -0.7050670593474552 -0.2345378238375309 0.6692327330702582 -17.412890625 0.7014267166421988 -0.091835583167678 0.7068003868453927 -272.46708984375 0 0 0 1 
Seq_Frame0053_ReferenceToTrackerTransformStatus = OK
Seq_Frame0053_ProbeToTrackerTransform = 0.6403084134210914 -0.1007996865900702 0.7614752516566172 264.7615162012471 -0.5583835383047521 -0.7418352952028627 0.3713330296937603 -66.69174442874858 0.5274589650886887 -0.662962908445582 -0.5312882665492854 -191.3185546875 0 0 0 1 
Seq_Frame0053_ProbeToTrackerTransformStatus = OK
Seq_Frame0053_Timestamp = 4333.282728571428
Seq_Frame0053_ImageStatus = OK
